Estado soberano (nombre común),Estado soberano (nombre común).1,Forma de gobierno,Capital(es),Continente,Estatus ONU,Soberanía,Ubicación
Emirato Islámico de Afganistán (Afganistán),Emirato Islámico de Afganistán (Afganistán),Emirato islámico,Kabul,Asia,Miembro (1946),Reconocida,
Emirato Islámico de Afganistán (Afganistán),Emirato Islámico de Afganistán (Afganistán),"Las Naciones Unidas actualmente reconocen a la República Islámica de Afganistán como el gobierno legítimo de iure de Afganistán, en lugar del gobierno de facto del Emirato Islámico de Afganistán.","Las Naciones Unidas actualmente reconocen a la República Islámica de Afganistán como el gobierno legítimo de iure de Afganistán, en lugar del gobierno de facto del Emirato Islámico de Afganistán.","Las Naciones Unidas actualmente reconocen a la República Islámica de Afganistán como el gobierno legítimo de iure de Afganistán, en lugar del gobierno de facto del Emirato Islámico de Afganistán.","Las Naciones Unidas actualmente reconocen a la República Islámica de Afganistán como el gobierno legítimo de iure de Afganistán, en lugar del gobierno de facto del Emirato Islámico de Afganistán.","Las Naciones Unidas actualmente reconocen a la República Islámica de Afganistán como el gobierno legítimo de iure de Afganistán, en lugar del gobierno de facto del Emirato Islámico de Afganistán.",
República de Albania (Albania),República de Albania (Albania),República parlamentaria,Tirana,Europa,Miembro (1955),Reconocida,
República de Albania (Albania),República de Albania (Albania),-,-,-,-,-,
República Federal de Alemania (Alemania),República Federal de Alemania (Alemania),República parlamentaria,Berlín,Europa,Miembro (1973)[1]​,Reconocida,
República Federal de Alemania (Alemania),República Federal de Alemania (Alemania),Estado miembro de la Unión Europea. Alemania está compuesta por 16 estados federados (länder).,Estado miembro de la Unión Europea. Alemania está compuesta por 16 estados federados (länder).,Estado miembro de la Unión Europea. Alemania está compuesta por 16 estados federados (länder).,Estado miembro de la Unión Europea. Alemania está compuesta por 16 estados federados (länder).,Estado miembro de la Unión Europea. Alemania está compuesta por 16 estados federados (länder).,
Principado de Andorra (Andorra),Principado de Andorra (Andorra),Monarquía constitucional,Andorra la Vieja,Europa,Miembro (1993),Reconocida,
Principado de Andorra (Andorra),Principado de Andorra (Andorra),"Coprincipado con dos jefes de Estado, el presidente de la República Francesa y el obispo de Urgel, que ejercen de manera conjunta a través de sus representantes en el principado.","Coprincipado con dos jefes de Estado, el presidente de la República Francesa y el obispo de Urgel, que ejercen de manera conjunta a través de sus representantes en el principado.","Coprincipado con dos jefes de Estado, el presidente de la República Francesa y el obispo de Urgel, que ejercen de manera conjunta a través de sus representantes en el principado.","Coprincipado con dos jefes de Estado, el presidente de la República Francesa y el obispo de Urgel, que ejercen de manera conjunta a través de sus representantes en el principado.","Coprincipado con dos jefes de Estado, el presidente de la República Francesa y el obispo de Urgel, que ejercen de manera conjunta a través de sus representantes en el principado.",
República de Angola (Angola),República de Angola (Angola),República presidencialista,Luanda,África,Miembro (1976),Reconocida,
República de Angola (Angola),República de Angola (Angola),-,-,-,-,-,
Antigua y Barbuda,Antigua y Barbuda,Monarquía constitucional,Saint John,América,Miembro (1981),Reconocida,
Antigua y Barbuda,Antigua y Barbuda,"Es una monarquía en la Mancomunidad de Naciones, siendo su jefe de Estado el monarca británico.","Es una monarquía en la Mancomunidad de Naciones, siendo su jefe de Estado el monarca británico.","Es una monarquía en la Mancomunidad de Naciones, siendo su jefe de Estado el monarca británico.","Es una monarquía en la Mancomunidad de Naciones, siendo su jefe de Estado el monarca británico.","Es una monarquía en la Mancomunidad de Naciones, siendo su jefe de Estado el monarca británico.",
Reino de Arabia Saudita (Arabia Saudita/Arabia Saudí),Reino de Arabia Saudita (Arabia Saudita/Arabia Saudí),Monarquía absoluta,Riad,Asia,Miembro (1945),Reconocida,
Reino de Arabia Saudita (Arabia Saudita/Arabia Saudí),Reino de Arabia Saudita (Arabia Saudita/Arabia Saudí),-,-,-,-,-,
República Argelina Democrática y Popular (Argelia),República Argelina Democrática y Popular (Argelia),República semipresidencialista,Argel,África,Miembro (1962),Reconocida,
República Argelina Democrática y Popular (Argelia),República Argelina Democrática y Popular (Argelia),-,-,-,-,-,
República Argentina (Argentina),República Argentina (Argentina),República presidencialista,Buenos Aires,América,Miembro (1945),Reconocida,
República Argentina (Argentina),República Argentina (Argentina),"Argentina es una federación de 23 provincias y una ciudad autónoma. La República Argentina mantiene una disputa territorial con el Reino Unido por las islas Malvinas y las islas Georgias del Sur y Sándwich del Sur, las cuales forman parte de los Territorios Británicos de Ultramar de Islas Malvinas e Islas Georgias del Sur y Sándwich del Sur; Argentina las considera parte del Departamento Islas del Atlántico Sur. La República Argentina también reclama territorio antártico: Antártida Argentina (1942)","Argentina es una federación de 23 provincias y una ciudad autónoma. La República Argentina mantiene una disputa territorial con el Reino Unido por las islas Malvinas y las islas Georgias del Sur y Sándwich del Sur, las cuales forman parte de los Territorios Británicos de Ultramar de Islas Malvinas e Islas Georgias del Sur y Sándwich del Sur; Argentina las considera parte del Departamento Islas del Atlántico Sur. La República Argentina también reclama territorio antártico: Antártida Argentina (1942)","Argentina es una federación de 23 provincias y una ciudad autónoma. La República Argentina mantiene una disputa territorial con el Reino Unido por las islas Malvinas y las islas Georgias del Sur y Sándwich del Sur, las cuales forman parte de los Territorios Británicos de Ultramar de Islas Malvinas e Islas Georgias del Sur y Sándwich del Sur; Argentina las considera parte del Departamento Islas del Atlántico Sur. La República Argentina también reclama territorio antártico: Antártida Argentina (1942)","Argentina es una federación de 23 provincias y una ciudad autónoma. La República Argentina mantiene una disputa territorial con el Reino Unido por las islas Malvinas y las islas Georgias del Sur y Sándwich del Sur, las cuales forman parte de los Territorios Británicos de Ultramar de Islas Malvinas e Islas Georgias del Sur y Sándwich del Sur; Argentina las considera parte del Departamento Islas del Atlántico Sur. La República Argentina también reclama territorio antártico: Antártida Argentina (1942)","Argentina es una federación de 23 provincias y una ciudad autónoma. La República Argentina mantiene una disputa territorial con el Reino Unido por las islas Malvinas y las islas Georgias del Sur y Sándwich del Sur, las cuales forman parte de los Territorios Británicos de Ultramar de Islas Malvinas e Islas Georgias del Sur y Sándwich del Sur; Argentina las considera parte del Departamento Islas del Atlántico Sur. La República Argentina también reclama territorio antártico: Antártida Argentina (1942)",
República de Armenia (Armenia),República de Armenia (Armenia),República parlamentaria,Ereván,Asia-Europa,Miembro (1992),Reconocida,
República de Armenia (Armenia),República de Armenia (Armenia),Armenia apoyó a Artsaj durante el conflicto del Alto Karabaj contra Azerbaiyán.,Armenia apoyó a Artsaj durante el conflicto del Alto Karabaj contra Azerbaiyán.,Armenia apoyó a Artsaj durante el conflicto del Alto Karabaj contra Azerbaiyán.,Armenia apoyó a Artsaj durante el conflicto del Alto Karabaj contra Azerbaiyán.,Armenia apoyó a Artsaj durante el conflicto del Alto Karabaj contra Azerbaiyán.,
Mancomunidad de Australia (Australia),Mancomunidad de Australia (Australia),Monarquía constitucional,Camberra,Oceanía,Miembro (1945),Reconocida,
Mancomunidad de Australia (Australia),Mancomunidad de Australia (Australia),"Es una monarquía en la Mancomunidad de Naciones, siendo su jefe de Estado el monarca británico. Australia es una federación de 10 estados y 7 territorios externos: Isla de Navidad; Islas Cocos; islas Ashmore y Cartier; islas Heard y McDonald; islas del Mar del Coral; y la Isla Norfolk. Australia reclama territorio antártico: Territorio Antártico Australiano (1933)","Es una monarquía en la Mancomunidad de Naciones, siendo su jefe de Estado el monarca británico. Australia es una federación de 10 estados y 7 territorios externos: Isla de Navidad; Islas Cocos; islas Ashmore y Cartier; islas Heard y McDonald; islas del Mar del Coral; y la Isla Norfolk. Australia reclama territorio antártico: Territorio Antártico Australiano (1933)","Es una monarquía en la Mancomunidad de Naciones, siendo su jefe de Estado el monarca británico. Australia es una federación de 10 estados y 7 territorios externos: Isla de Navidad; Islas Cocos; islas Ashmore y Cartier; islas Heard y McDonald; islas del Mar del Coral; y la Isla Norfolk. Australia reclama territorio antártico: Territorio Antártico Australiano (1933)","Es una monarquía en la Mancomunidad de Naciones, siendo su jefe de Estado el monarca británico. Australia es una federación de 10 estados y 7 territorios externos: Isla de Navidad; Islas Cocos; islas Ashmore y Cartier; islas Heard y McDonald; islas del Mar del Coral; y la Isla Norfolk. Australia reclama territorio antártico: Territorio Antártico Australiano (1933)","Es una monarquía en la Mancomunidad de Naciones, siendo su jefe de Estado el monarca británico. Australia es una federación de 10 estados y 7 territorios externos: Isla de Navidad; Islas Cocos; islas Ashmore y Cartier; islas Heard y McDonald; islas del Mar del Coral; y la Isla Norfolk. Australia reclama territorio antártico: Territorio Antártico Australiano (1933)",
República de Austria (Austria),República de Austria (Austria),República parlamentaria,Viena,Europa,Miembro (1955),Reconocida,
República de Austria (Austria),República de Austria (Austria),Estado miembro de la Unión Europea. Austria es una federación de 9 estados.,Estado miembro de la Unión Europea. Austria es una federación de 9 estados.,Estado miembro de la Unión Europea. Austria es una federación de 9 estados.,Estado miembro de la Unión Europea. Austria es una federación de 9 estados.,Estado miembro de la Unión Europea. Austria es una federación de 9 estados.,
República de Azerbaiyán (Azerbaiyán),República de Azerbaiyán (Azerbaiyán),República semipresidencialista,Bakú,Asia-Europa,Miembro (1992),Reconocida,
República de Azerbaiyán (Azerbaiyán),República de Azerbaiyán (Azerbaiyán),,,,,,
Mancomunidad de las Bahamas (Bahamas),Mancomunidad de las Bahamas (Bahamas),Monarquía constitucional,Nasáu,América,Miembro (1973),Reconocida,
Mancomunidad de las Bahamas (Bahamas),Mancomunidad de las Bahamas (Bahamas),"Es una monarquía en la Mancomunidad de Naciones, siendo su jefe de Estado el monarca británico.","Es una monarquía en la Mancomunidad de Naciones, siendo su jefe de Estado el monarca británico.","Es una monarquía en la Mancomunidad de Naciones, siendo su jefe de Estado el monarca británico.","Es una monarquía en la Mancomunidad de Naciones, siendo su jefe de Estado el monarca británico.","Es una monarquía en la Mancomunidad de Naciones, siendo su jefe de Estado el monarca británico.",
República Popular de Bangladés (Bangladés),República Popular de Bangladés (Bangladés),República parlamentaria,Daca,Asia,Miembro (1974),Reconocida,
República Popular de Bangladés (Bangladés),República Popular de Bangladés (Bangladés),-,-,-,-,-,
Barbados,Barbados,República parlamentaria,Bridgetown,América,Miembro (1966),Reconocida,
Barbados,Barbados,-,-,-,-,-,
Reino de Baréin (Baréin),Reino de Baréin (Baréin),Monarquía constitucional,Manama,Asia,Miembro (1971),Reconocida,
Reino de Baréin (Baréin),Reino de Baréin (Baréin),-,-,-,-,-,
Reino de Bélgica (Bélgica),Reino de Bélgica (Bélgica),Monarquía parlamentaria,Bruselas,Europa,Miembro (1945),Reconocida,
Reino de Bélgica (Bélgica),Reino de Bélgica (Bélgica),"Estado miembro de la Unión Europea. El Reino de Bélgica está constituido por 3 comunidades (flamenca, francesa y germanófona) formando una federación de 3 regiones (Valonia, Flandes y Bruselas-Capital) que en conjunto conforman 4 áreas lingüísticas (neerlandesa en Flandes, francófona en Valonia, germanófona en Valonia y bilingüe francófona-neerlandesa en Bruselas-Capital). Las comunidades, regiones y áreas lingüísticas se superponen con diferentes límites y diferentes áreas de competencia.","Estado miembro de la Unión Europea. El Reino de Bélgica está constituido por 3 comunidades (flamenca, francesa y germanófona) formando una federación de 3 regiones (Valonia, Flandes y Bruselas-Capital) que en conjunto conforman 4 áreas lingüísticas (neerlandesa en Flandes, francófona en Valonia, germanófona en Valonia y bilingüe francófona-neerlandesa en Bruselas-Capital). Las comunidades, regiones y áreas lingüísticas se superponen con diferentes límites y diferentes áreas de competencia.","Estado miembro de la Unión Europea. El Reino de Bélgica está constituido por 3 comunidades (flamenca, francesa y germanófona) formando una federación de 3 regiones (Valonia, Flandes y Bruselas-Capital) que en conjunto conforman 4 áreas lingüísticas (neerlandesa en Flandes, francófona en Valonia, germanófona en Valonia y bilingüe francófona-neerlandesa en Bruselas-Capital). Las comunidades, regiones y áreas lingüísticas se superponen con diferentes límites y diferentes áreas de competencia.","Estado miembro de la Unión Europea. El Reino de Bélgica está constituido por 3 comunidades (flamenca, francesa y germanófona) formando una federación de 3 regiones (Valonia, Flandes y Bruselas-Capital) que en conjunto conforman 4 áreas lingüísticas (neerlandesa en Flandes, francófona en Valonia, germanófona en Valonia y bilingüe francófona-neerlandesa en Bruselas-Capital). Las comunidades, regiones y áreas lingüísticas se superponen con diferentes límites y diferentes áreas de competencia.","Estado miembro de la Unión Europea. El Reino de Bélgica está constituido por 3 comunidades (flamenca, francesa y germanófona) formando una federación de 3 regiones (Valonia, Flandes y Bruselas-Capital) que en conjunto conforman 4 áreas lingüísticas (neerlandesa en Flandes, francófona en Valonia, germanófona en Valonia y bilingüe francófona-neerlandesa en Bruselas-Capital). Las comunidades, regiones y áreas lingüísticas se superponen con diferentes límites y diferentes áreas de competencia.",
Belice,Belice,Monarquía constitucional,Belmopán,América,Miembro (1981),Reconocida,
Belice,Belice,"Es una monarquía en la Mancomunidad de Naciones, siendo su jefe de Estado el monarca británico. Belice tiene un diferendo territorial con Guatemala, la cual reclama 11 030 km² del territorio beliceño.","Es una monarquía en la Mancomunidad de Naciones, siendo su jefe de Estado el monarca británico. Belice tiene un diferendo territorial con Guatemala, la cual reclama 11 030 km² del territorio beliceño.","Es una monarquía en la Mancomunidad de Naciones, siendo su jefe de Estado el monarca británico. Belice tiene un diferendo territorial con Guatemala, la cual reclama 11 030 km² del territorio beliceño.","Es una monarquía en la Mancomunidad de Naciones, siendo su jefe de Estado el monarca británico. Belice tiene un diferendo territorial con Guatemala, la cual reclama 11 030 km² del territorio beliceño.","Es una monarquía en la Mancomunidad de Naciones, siendo su jefe de Estado el monarca británico. Belice tiene un diferendo territorial con Guatemala, la cual reclama 11 030 km² del territorio beliceño.",
República de Benín (Benín),República de Benín (Benín),República presidencialista,Porto Novo[2]​,África,Miembro (1960),Reconocida,
República de Benín (Benín),República de Benín (Benín),-,-,-,-,-,
República de Bielorrusia (Bielorrusia/Belarús),República de Bielorrusia (Bielorrusia/Belarús),República presidencialista,Minsk,Europa,Miembro (1945)[3]​,Reconocida,
República de Bielorrusia (Bielorrusia/Belarús),República de Bielorrusia (Bielorrusia/Belarús),-,-,-,-,-,
República de la Unión de Myanmar[4]​ (Birmania/Myanmar),República de la Unión de Myanmar[4]​ (Birmania/Myanmar),República parlamentaria (bajo junta militar),Naipyidó,Asia,Miembro (1948),Reconocida,
República de la Unión de Myanmar[4]​ (Birmania/Myanmar),República de la Unión de Myanmar[4]​ (Birmania/Myanmar),-,-,-,-,-,
Estado Plurinacional de Bolivia (Bolivia),Estado Plurinacional de Bolivia (Bolivia),República presidencialista,Sucre[5]​,América,Miembro (1945),Reconocida,
Estado Plurinacional de Bolivia (Bolivia),Estado Plurinacional de Bolivia (Bolivia),-,-,-,-,-,
Bosnia y Herzegovina (Bosnia y Herzegovina/Bosnia-Herzegovina),Bosnia y Herzegovina (Bosnia y Herzegovina/Bosnia-Herzegovina),República parlamentaria,Sarajevo,Europa,Miembro (1992),Reconocida,
Bosnia y Herzegovina (Bosnia y Herzegovina/Bosnia-Herzegovina),Bosnia y Herzegovina (Bosnia y Herzegovina/Bosnia-Herzegovina),Bosnia y Herzegovina es una república federal compuesta por tres entidades: Federación de Bosnia y Herzegovina; República Srpska y Distrito de Brčko.,Bosnia y Herzegovina es una república federal compuesta por tres entidades: Federación de Bosnia y Herzegovina; República Srpska y Distrito de Brčko.,Bosnia y Herzegovina es una república federal compuesta por tres entidades: Federación de Bosnia y Herzegovina; República Srpska y Distrito de Brčko.,Bosnia y Herzegovina es una república federal compuesta por tres entidades: Federación de Bosnia y Herzegovina; República Srpska y Distrito de Brčko.,Bosnia y Herzegovina es una república federal compuesta por tres entidades: Federación de Bosnia y Herzegovina; República Srpska y Distrito de Brčko.,
República de Botsuana (Botsuana),República de Botsuana (Botsuana),República parlamentaria,Gaborone,África,Miembro (1966),Reconocida,
República de Botsuana (Botsuana),República de Botsuana (Botsuana),-,-,-,-,-,
República Federativa del Brasil (Brasil),República Federativa del Brasil (Brasil),República presidencialista,Brasilia,América,Miembro (1945),Reconocida,
República Federativa del Brasil (Brasil),República Federativa del Brasil (Brasil),Brasil es un Estado federal formado por 27 unidades federales (26 estados y 1 distrito federal). Brasil mantiene dos disputas territoriales con Uruguay por la isla Brasilera y el Rincón de Artigas.,Brasil es un Estado federal formado por 27 unidades federales (26 estados y 1 distrito federal). Brasil mantiene dos disputas territoriales con Uruguay por la isla Brasilera y el Rincón de Artigas.,Brasil es un Estado federal formado por 27 unidades federales (26 estados y 1 distrito federal). Brasil mantiene dos disputas territoriales con Uruguay por la isla Brasilera y el Rincón de Artigas.,Brasil es un Estado federal formado por 27 unidades federales (26 estados y 1 distrito federal). Brasil mantiene dos disputas territoriales con Uruguay por la isla Brasilera y el Rincón de Artigas.,Brasil es un Estado federal formado por 27 unidades federales (26 estados y 1 distrito federal). Brasil mantiene dos disputas territoriales con Uruguay por la isla Brasilera y el Rincón de Artigas.,
Estado de Brunéi Darussalam (Brunéi),Estado de Brunéi Darussalam (Brunéi),Monarquía absoluta,Bandar Seri Begawan,Asia,Miembro (1984),Reconocida,
Estado de Brunéi Darussalam (Brunéi),Estado de Brunéi Darussalam (Brunéi),-,-,-,-,-,
República de Bulgaria (Bulgaria),República de Bulgaria (Bulgaria),República parlamentaria,Sofía,Europa,Miembro (1955),Reconocida,
República de Bulgaria (Bulgaria),República de Bulgaria (Bulgaria),Estado miembro de la Unión Europea.,Estado miembro de la Unión Europea.,Estado miembro de la Unión Europea.,Estado miembro de la Unión Europea.,Estado miembro de la Unión Europea.,
Burkina Faso,Burkina Faso,República semipresidencialista (bajo junta militar),Uagadugú,África,Miembro (1960),Reconocida,
Burkina Faso,Burkina Faso,-,-,-,-,-,
República de Burundi (Burundi),República de Burundi (Burundi),República presidencialista,Gitega[6]​,África,Miembro (1962),Reconocida,
República de Burundi (Burundi),República de Burundi (Burundi),-,-,-,-,-,
Reino de Bután (Bután),Reino de Bután (Bután),Monarquía constitucional,Timbu,Asia,Miembro (1971),Reconocida,
Reino de Bután (Bután),Reino de Bután (Bután),-,-,-,-,-,
República de Cabo Verde (Cabo Verde),República de Cabo Verde (Cabo Verde),República semipresidencialista,Praia,África,Miembro (1975),Reconocida,
República de Cabo Verde (Cabo Verde),República de Cabo Verde (Cabo Verde),-,-,-,-,-,
Reino de Camboya (Camboya),Reino de Camboya (Camboya),Monarquía parlamentaria,Nom Pen,Asia,Miembro (1955),Reconocida,
Reino de Camboya (Camboya),Reino de Camboya (Camboya),"Camboya mantiene con Tailandia una disputa fronteriza por el Templo Preah Vihear. Aunque en 2011 se retiraron ambos ejércitos, la situación no ha sido resuelta.","Camboya mantiene con Tailandia una disputa fronteriza por el Templo Preah Vihear. Aunque en 2011 se retiraron ambos ejércitos, la situación no ha sido resuelta.","Camboya mantiene con Tailandia una disputa fronteriza por el Templo Preah Vihear. Aunque en 2011 se retiraron ambos ejércitos, la situación no ha sido resuelta.","Camboya mantiene con Tailandia una disputa fronteriza por el Templo Preah Vihear. Aunque en 2011 se retiraron ambos ejércitos, la situación no ha sido resuelta.","Camboya mantiene con Tailandia una disputa fronteriza por el Templo Preah Vihear. Aunque en 2011 se retiraron ambos ejércitos, la situación no ha sido resuelta.",
República de Camerún (Camerún),República de Camerún (Camerún),República presidencialista,Yaundé,África,Miembro (1960),Reconocida,
República de Camerún (Camerún),República de Camerún (Camerún),-,-,-,-,-,
Canadá,Canadá,Monarquía constitucional,Ottawa,América,Miembro (1945),Reconocida,
Canadá,Canadá,"Es una monarquía en la Mancomunidad de Naciones, siendo su jefe de Estado el monarca británico. Canadá es una federación de 10 provincias y 3 territorios.","Es una monarquía en la Mancomunidad de Naciones, siendo su jefe de Estado el monarca británico. Canadá es una federación de 10 provincias y 3 territorios.","Es una monarquía en la Mancomunidad de Naciones, siendo su jefe de Estado el monarca británico. Canadá es una federación de 10 provincias y 3 territorios.","Es una monarquía en la Mancomunidad de Naciones, siendo su jefe de Estado el monarca británico. Canadá es una federación de 10 provincias y 3 territorios.","Es una monarquía en la Mancomunidad de Naciones, siendo su jefe de Estado el monarca británico. Canadá es una federación de 10 provincias y 3 territorios.",
Estado de Catar (Catar),Estado de Catar (Catar),Monarquía absoluta,Doha,Asia,Miembro (1971),Reconocida,
Estado de Catar (Catar),Estado de Catar (Catar),-,-,-,-,-,
República Centroafricana (República Centroafricana/Centroáfrica),República Centroafricana (República Centroafricana/Centroáfrica),República semipresidencialista,Bangui,África,Miembro (1960),Reconocida,
República Centroafricana (República Centroafricana/Centroáfrica),República Centroafricana (República Centroafricana/Centroáfrica),-,-,-,-,-,
República del Chad (Chad),República del Chad (Chad),República presidencialista (bajo junta militar),Yamena,África,Miembro (1960),Reconocida,
República del Chad (Chad),República del Chad (Chad),-,-,-,-,-,
República Checa (República Checa/Chequia),República Checa (República Checa/Chequia),República parlamentaria,Praga,Europa,Miembro (1993)[7]​,Reconocida,
República Checa (República Checa/Chequia),República Checa (República Checa/Chequia),Estado miembro de la Unión Europea.,Estado miembro de la Unión Europea.,Estado miembro de la Unión Europea.,Estado miembro de la Unión Europea.,Estado miembro de la Unión Europea.,
República de Chile (Chile),República de Chile (Chile),República presidencialista,Santiago[8]​,América,Miembro (1945),Reconocida,
República de Chile (Chile),República de Chile (Chile),Chile tiene dos regiones especiales: Isla de Pascua y archipiélago Juan Fernández. Chile reclama territorio antártico: Territorio Chileno Antártico (1940),Chile tiene dos regiones especiales: Isla de Pascua y archipiélago Juan Fernández. Chile reclama territorio antártico: Territorio Chileno Antártico (1940),Chile tiene dos regiones especiales: Isla de Pascua y archipiélago Juan Fernández. Chile reclama territorio antártico: Territorio Chileno Antártico (1940),Chile tiene dos regiones especiales: Isla de Pascua y archipiélago Juan Fernández. Chile reclama territorio antártico: Territorio Chileno Antártico (1940),Chile tiene dos regiones especiales: Isla de Pascua y archipiélago Juan Fernández. Chile reclama territorio antártico: Territorio Chileno Antártico (1940),
República Popular China (China),República Popular China (China),Estado socialista unipartidista,Pekín,Asia,Miembro (1945)[9]​,Parcialmente no reconocida. Reclamada por la República de China.,
República Popular China (China),República Popular China (China),"La República Popular China tiene dos regiones administrativas especiales: Hong Kong y Macao. La República Popular China no es reconocida por 11 Estados miembros de la ONU más la Santa Sede. El Gobierno chino reclama la soberanía sobre la República de China (conocida como Taiwán), las islas Senkaku (Japón), las islas Spratly, la totalidad del bajo de Masinloc y las islas Paracel (reclamadas por Vietnam). Administra Aksai Chin, reclamada por la India, y reclama Arunachal Pradesh, administrada por la India.","La República Popular China tiene dos regiones administrativas especiales: Hong Kong y Macao. La República Popular China no es reconocida por 11 Estados miembros de la ONU más la Santa Sede. El Gobierno chino reclama la soberanía sobre la República de China (conocida como Taiwán), las islas Senkaku (Japón), las islas Spratly, la totalidad del bajo de Masinloc y las islas Paracel (reclamadas por Vietnam). Administra Aksai Chin, reclamada por la India, y reclama Arunachal Pradesh, administrada por la India.","La República Popular China tiene dos regiones administrativas especiales: Hong Kong y Macao. La República Popular China no es reconocida por 11 Estados miembros de la ONU más la Santa Sede. El Gobierno chino reclama la soberanía sobre la República de China (conocida como Taiwán), las islas Senkaku (Japón), las islas Spratly, la totalidad del bajo de Masinloc y las islas Paracel (reclamadas por Vietnam). Administra Aksai Chin, reclamada por la India, y reclama Arunachal Pradesh, administrada por la India.","La República Popular China tiene dos regiones administrativas especiales: Hong Kong y Macao. La República Popular China no es reconocida por 11 Estados miembros de la ONU más la Santa Sede. El Gobierno chino reclama la soberanía sobre la República de China (conocida como Taiwán), las islas Senkaku (Japón), las islas Spratly, la totalidad del bajo de Masinloc y las islas Paracel (reclamadas por Vietnam). Administra Aksai Chin, reclamada por la India, y reclama Arunachal Pradesh, administrada por la India.","La República Popular China tiene dos regiones administrativas especiales: Hong Kong y Macao. La República Popular China no es reconocida por 11 Estados miembros de la ONU más la Santa Sede. El Gobierno chino reclama la soberanía sobre la República de China (conocida como Taiwán), las islas Senkaku (Japón), las islas Spratly, la totalidad del bajo de Masinloc y las islas Paracel (reclamadas por Vietnam). Administra Aksai Chin, reclamada por la India, y reclama Arunachal Pradesh, administrada por la India.",
República de Chipre (Chipre),República de Chipre (Chipre),República presidencialista,Nicosia,Asia-Europa,Miembro (1960),"Reconocida, excepto por Turquía.",
República de Chipre (Chipre),República de Chipre (Chipre),Estado miembro de la Unión Europea. Chipre no reconoce a la República Turca de Chipre del Norte creada en el norte de la isla como consecuencia de la invasión turca de 1974 y considera que ese territorio es suyo. Turquía no reconoce a Chipre y sí a Chipre del Norte (véase Cuestión de Chipre).,Estado miembro de la Unión Europea. Chipre no reconoce a la República Turca de Chipre del Norte creada en el norte de la isla como consecuencia de la invasión turca de 1974 y considera que ese territorio es suyo. Turquía no reconoce a Chipre y sí a Chipre del Norte (véase Cuestión de Chipre).,Estado miembro de la Unión Europea. Chipre no reconoce a la República Turca de Chipre del Norte creada en el norte de la isla como consecuencia de la invasión turca de 1974 y considera que ese territorio es suyo. Turquía no reconoce a Chipre y sí a Chipre del Norte (véase Cuestión de Chipre).,Estado miembro de la Unión Europea. Chipre no reconoce a la República Turca de Chipre del Norte creada en el norte de la isla como consecuencia de la invasión turca de 1974 y considera que ese territorio es suyo. Turquía no reconoce a Chipre y sí a Chipre del Norte (véase Cuestión de Chipre).,Estado miembro de la Unión Europea. Chipre no reconoce a la República Turca de Chipre del Norte creada en el norte de la isla como consecuencia de la invasión turca de 1974 y considera que ese territorio es suyo. Turquía no reconoce a Chipre y sí a Chipre del Norte (véase Cuestión de Chipre).,
República de Colombia (Colombia),República de Colombia (Colombia),República presidencialista,Bogotá,América,Miembro (1945),Reconocida,
República de Colombia (Colombia),República de Colombia (Colombia),Colombia mantiene un diferendo en la frontera marítima del golfo de Venezuela.,Colombia mantiene un diferendo en la frontera marítima del golfo de Venezuela.,Colombia mantiene un diferendo en la frontera marítima del golfo de Venezuela.,Colombia mantiene un diferendo en la frontera marítima del golfo de Venezuela.,Colombia mantiene un diferendo en la frontera marítima del golfo de Venezuela.,
Unión de las Comoras (Comoras),Unión de las Comoras (Comoras),República presidencialista,Moroni,África,Miembro (1975),Reconocida,
Unión de las Comoras (Comoras),Unión de las Comoras (Comoras),Comoras es una federación de 3 islas. El gobierno comorense reclama el departamento de ultramar francés de Mayotte y las Islas Gloriosas.,Comoras es una federación de 3 islas. El gobierno comorense reclama el departamento de ultramar francés de Mayotte y las Islas Gloriosas.,Comoras es una federación de 3 islas. El gobierno comorense reclama el departamento de ultramar francés de Mayotte y las Islas Gloriosas.,Comoras es una federación de 3 islas. El gobierno comorense reclama el departamento de ultramar francés de Mayotte y las Islas Gloriosas.,Comoras es una federación de 3 islas. El gobierno comorense reclama el departamento de ultramar francés de Mayotte y las Islas Gloriosas.,
República del Congo (República del Congo/Congo),República del Congo (República del Congo/Congo),República semipresidencialista,Brazzaville,África,Miembro (1960),Reconocida,
República del Congo (República del Congo/Congo),República del Congo (República del Congo/Congo),-,-,-,-,-,
República Democrática del Congo,República Democrática del Congo,República semipresidencialista,Kinsasa,África,Miembro (1960),Reconocida,
República Democrática del Congo,República Democrática del Congo,-,-,-,-,-,
República Popular Democrática de Corea (Corea del Norte),República Popular Democrática de Corea (Corea del Norte),Estado socialista,Pionyang,Asia,Miembro (1991),"Reconocida, excepto por Japón y Corea del Sur.",
República Popular Democrática de Corea (Corea del Norte),República Popular Democrática de Corea (Corea del Norte),Las dos Coreas reclaman su soberanía sobre toda la península de Corea y sus islas periféricas.,Las dos Coreas reclaman su soberanía sobre toda la península de Corea y sus islas periféricas.,Las dos Coreas reclaman su soberanía sobre toda la península de Corea y sus islas periféricas.,Las dos Coreas reclaman su soberanía sobre toda la península de Corea y sus islas periféricas.,Las dos Coreas reclaman su soberanía sobre toda la península de Corea y sus islas periféricas.,
República de Corea (Corea del Sur),República de Corea (Corea del Sur),República presidencialista,Seúl,Asia,Miembro (1991),"Reconocida, excepto por Corea del Norte.",
República de Corea (Corea del Sur),República de Corea (Corea del Sur),"Las dos Coreas reclaman su soberanía sobre toda la península de Corea y sus islas periféricas. Japón reclama las rocas de Liancourt, administradas por Corea del Sur.","Las dos Coreas reclaman su soberanía sobre toda la península de Corea y sus islas periféricas. Japón reclama las rocas de Liancourt, administradas por Corea del Sur.","Las dos Coreas reclaman su soberanía sobre toda la península de Corea y sus islas periféricas. Japón reclama las rocas de Liancourt, administradas por Corea del Sur.","Las dos Coreas reclaman su soberanía sobre toda la península de Corea y sus islas periféricas. Japón reclama las rocas de Liancourt, administradas por Corea del Sur.","Las dos Coreas reclaman su soberanía sobre toda la península de Corea y sus islas periféricas. Japón reclama las rocas de Liancourt, administradas por Corea del Sur.",
República de Costa de Marfil (Costa de Marfil),República de Costa de Marfil (Costa de Marfil),República presidencialista,Yamusukro[10]​,África,Miembro (1960),Reconocida,
República de Costa de Marfil (Costa de Marfil),República de Costa de Marfil (Costa de Marfil),-,-,-,-,-,
República de Costa Rica (Costa Rica),República de Costa Rica (Costa Rica),República presidencialista,San José,América,Miembro (1945),Reconocida,
República de Costa Rica (Costa Rica),República de Costa Rica (Costa Rica),-,-,-,-,-,
República de Croacia (Croacia),República de Croacia (Croacia),República parlamentaria,Zagreb,Europa,Miembro (1992),Reconocida,
República de Croacia (Croacia),República de Croacia (Croacia),Estado miembro de la Unión Europea.,Estado miembro de la Unión Europea.,Estado miembro de la Unión Europea.,Estado miembro de la Unión Europea.,Estado miembro de la Unión Europea.,
República de Cuba (Cuba),República de Cuba (Cuba),Estado socialista unipartidista,La Habana,América,Miembro (1945),Reconocida,
República de Cuba (Cuba),República de Cuba (Cuba),-,-,-,-,-,
Reino de Dinamarca (Dinamarca),Reino de Dinamarca (Dinamarca),Monarquía parlamentaria,Copenhague,Europa,Miembro (1945),Reconocida,
Reino de Dinamarca (Dinamarca),Reino de Dinamarca (Dinamarca),Estado miembro de la Unión Europea. El Reino de Dinamarca está compuesto por Dinamarca y por dos regiones autónomas: Groenlandia e Islas Feroe. Tan solo Dinamarca forma parte de la Unión Europea.,Estado miembro de la Unión Europea. El Reino de Dinamarca está compuesto por Dinamarca y por dos regiones autónomas: Groenlandia e Islas Feroe. Tan solo Dinamarca forma parte de la Unión Europea.,Estado miembro de la Unión Europea. El Reino de Dinamarca está compuesto por Dinamarca y por dos regiones autónomas: Groenlandia e Islas Feroe. Tan solo Dinamarca forma parte de la Unión Europea.,Estado miembro de la Unión Europea. El Reino de Dinamarca está compuesto por Dinamarca y por dos regiones autónomas: Groenlandia e Islas Feroe. Tan solo Dinamarca forma parte de la Unión Europea.,Estado miembro de la Unión Europea. El Reino de Dinamarca está compuesto por Dinamarca y por dos regiones autónomas: Groenlandia e Islas Feroe. Tan solo Dinamarca forma parte de la Unión Europea.,
Mancomunidad de Dominica (Dominica),Mancomunidad de Dominica (Dominica),República parlamentaria,Roseau,América,Miembro (1978),Reconocida,
Mancomunidad de Dominica (Dominica),Mancomunidad de Dominica (Dominica),-,-,-,-,-,
República Dominicana,República Dominicana,República presidencialista,Santo Domingo,América,Miembro (1945),Reconocida,
República Dominicana,República Dominicana,-,-,-,-,-,
República del Ecuador (Ecuador),República del Ecuador (Ecuador),República presidencialista,Quito,América,Miembro (1945),Reconocida,
República del Ecuador (Ecuador),República del Ecuador (Ecuador),-,-,-,-,-,
República Árabe de Egipto (Egipto),República Árabe de Egipto (Egipto),República semipresidencialista,El Cairo,África-Asia,Miembro (1945)[11]​,Reconocida,
República Árabe de Egipto (Egipto),República Árabe de Egipto (Egipto),"Egipto administra el Triángulo de Hala'ib, que reclama Sudán. Además, existe el territorio inhabitado entre ambas naciones, Bir Tawil, que no administra ni reclama ninguno de los dos países.","Egipto administra el Triángulo de Hala'ib, que reclama Sudán. Además, existe el territorio inhabitado entre ambas naciones, Bir Tawil, que no administra ni reclama ninguno de los dos países.","Egipto administra el Triángulo de Hala'ib, que reclama Sudán. Además, existe el territorio inhabitado entre ambas naciones, Bir Tawil, que no administra ni reclama ninguno de los dos países.","Egipto administra el Triángulo de Hala'ib, que reclama Sudán. Además, existe el territorio inhabitado entre ambas naciones, Bir Tawil, que no administra ni reclama ninguno de los dos países.","Egipto administra el Triángulo de Hala'ib, que reclama Sudán. Además, existe el territorio inhabitado entre ambas naciones, Bir Tawil, que no administra ni reclama ninguno de los dos países.",
República de El Salvador (El Salvador),República de El Salvador (El Salvador),República presidencialista,San Salvador,América,Miembro (1945),Reconocida,
República de El Salvador (El Salvador),República de El Salvador (El Salvador),-,-,-,-,-,
Emiratos Árabes Unidos,Emiratos Árabes Unidos,Monarquía constitucional electiva,Abu Dabi,Asia,Miembro (1971),Reconocida,
Emiratos Árabes Unidos,Emiratos Árabes Unidos,Los Emiratos Árabes Unidos son una federación de siete emiratos.,Los Emiratos Árabes Unidos son una federación de siete emiratos.,Los Emiratos Árabes Unidos son una federación de siete emiratos.,Los Emiratos Árabes Unidos son una federación de siete emiratos.,Los Emiratos Árabes Unidos son una federación de siete emiratos.,
Estado de Eritrea (Eritrea),Estado de Eritrea (Eritrea),República unipartidista,Asmara,África,Miembro (1993),Reconocida,
Estado de Eritrea (Eritrea),Estado de Eritrea (Eritrea),Conflicto fronterizo entre Yibuti y Eritrea por la isla Doumeira. Eritrea es una federación formada por 9 regiones y 2 ciudades autónomas.,Conflicto fronterizo entre Yibuti y Eritrea por la isla Doumeira. Eritrea es una federación formada por 9 regiones y 2 ciudades autónomas.,Conflicto fronterizo entre Yibuti y Eritrea por la isla Doumeira. Eritrea es una federación formada por 9 regiones y 2 ciudades autónomas.,Conflicto fronterizo entre Yibuti y Eritrea por la isla Doumeira. Eritrea es una federación formada por 9 regiones y 2 ciudades autónomas.,Conflicto fronterizo entre Yibuti y Eritrea por la isla Doumeira. Eritrea es una federación formada por 9 regiones y 2 ciudades autónomas.,
República Eslovaca (Eslovaquia),República Eslovaca (Eslovaquia),República parlamentaria,Bratislava,Europa,Miembro (1993)[7]​,Reconocida,
República Eslovaca (Eslovaquia),República Eslovaca (Eslovaquia),Estado miembro de la Unión Europea.,Estado miembro de la Unión Europea.,Estado miembro de la Unión Europea.,Estado miembro de la Unión Europea.,Estado miembro de la Unión Europea.,
República de Eslovenia (Eslovenia),República de Eslovenia (Eslovenia),República parlamentaria,Liubliana,Europa,Miembro (1992),Reconocida,
República de Eslovenia (Eslovenia),República de Eslovenia (Eslovenia),Estado miembro de la Unión Europea.,Estado miembro de la Unión Europea.,Estado miembro de la Unión Europea.,Estado miembro de la Unión Europea.,Estado miembro de la Unión Europea.,
Reino de España (España),Reino de España (España),Monarquía parlamentaria,Madrid,Europa,Miembro (1955),Reconocida,
Reino de España (España),Reino de España (España),"Estado miembro de la Unión Europea. España y Francia tienen un condominio sobre la isla de los Faisanes. España mantiene reclamaciones territoriales con el Reino Unido por el territorio británico de ultramar de Gibraltar. Portugal no reconoce la soberanía española sobre Olivenza. España reconoce la soberanía portuguesa sobre las islas Salvajes, pero no una zona económica exclusiva de 200 millas. Las ciudades autónomas de Ceuta y Melilla, y las plazas de soberanía son reclamadas por Marruecos.","Estado miembro de la Unión Europea. España y Francia tienen un condominio sobre la isla de los Faisanes. España mantiene reclamaciones territoriales con el Reino Unido por el territorio británico de ultramar de Gibraltar. Portugal no reconoce la soberanía española sobre Olivenza. España reconoce la soberanía portuguesa sobre las islas Salvajes, pero no una zona económica exclusiva de 200 millas. Las ciudades autónomas de Ceuta y Melilla, y las plazas de soberanía son reclamadas por Marruecos.","Estado miembro de la Unión Europea. España y Francia tienen un condominio sobre la isla de los Faisanes. España mantiene reclamaciones territoriales con el Reino Unido por el territorio británico de ultramar de Gibraltar. Portugal no reconoce la soberanía española sobre Olivenza. España reconoce la soberanía portuguesa sobre las islas Salvajes, pero no una zona económica exclusiva de 200 millas. Las ciudades autónomas de Ceuta y Melilla, y las plazas de soberanía son reclamadas por Marruecos.","Estado miembro de la Unión Europea. España y Francia tienen un condominio sobre la isla de los Faisanes. España mantiene reclamaciones territoriales con el Reino Unido por el territorio británico de ultramar de Gibraltar. Portugal no reconoce la soberanía española sobre Olivenza. España reconoce la soberanía portuguesa sobre las islas Salvajes, pero no una zona económica exclusiva de 200 millas. Las ciudades autónomas de Ceuta y Melilla, y las plazas de soberanía son reclamadas por Marruecos.","Estado miembro de la Unión Europea. España y Francia tienen un condominio sobre la isla de los Faisanes. España mantiene reclamaciones territoriales con el Reino Unido por el territorio británico de ultramar de Gibraltar. Portugal no reconoce la soberanía española sobre Olivenza. España reconoce la soberanía portuguesa sobre las islas Salvajes, pero no una zona económica exclusiva de 200 millas. Las ciudades autónomas de Ceuta y Melilla, y las plazas de soberanía son reclamadas por Marruecos.",
Estados Unidos de América (Estados Unidos),Estados Unidos de América (Estados Unidos),República presidencialista,Washington D. C.,América,Miembro (1945),Reconocida,
Estados Unidos de América (Estados Unidos),Estados Unidos de América (Estados Unidos),"El país es una unión federal de 50 estados y un distrito federal. Además están bajo soberanía estadounidense los territorios no incorporados de: Puerto Rico (Estado libre asociado); Islas Marianas del Norte (Estado libre asociado); Guam (territorio organizado); Islas Vírgenes de los Estados Unidos (territorio organizado); Samoa Americana (territorio no organizado) e Islas Ultramarinas Menores de los Estados Unidos (territorios no organizados, con excepción del atolón Palmyra, que sí es territorio incorporado). Tres Estados soberanos tienen Tratado de Libre Asociación con Estados Unidos, aunque no forman parte de estos: Estados Federados de Micronesia; Islas Marshall y Palaos.","El país es una unión federal de 50 estados y un distrito federal. Además están bajo soberanía estadounidense los territorios no incorporados de: Puerto Rico (Estado libre asociado); Islas Marianas del Norte (Estado libre asociado); Guam (territorio organizado); Islas Vírgenes de los Estados Unidos (territorio organizado); Samoa Americana (territorio no organizado) e Islas Ultramarinas Menores de los Estados Unidos (territorios no organizados, con excepción del atolón Palmyra, que sí es territorio incorporado). Tres Estados soberanos tienen Tratado de Libre Asociación con Estados Unidos, aunque no forman parte de estos: Estados Federados de Micronesia; Islas Marshall y Palaos.","El país es una unión federal de 50 estados y un distrito federal. Además están bajo soberanía estadounidense los territorios no incorporados de: Puerto Rico (Estado libre asociado); Islas Marianas del Norte (Estado libre asociado); Guam (territorio organizado); Islas Vírgenes de los Estados Unidos (territorio organizado); Samoa Americana (territorio no organizado) e Islas Ultramarinas Menores de los Estados Unidos (territorios no organizados, con excepción del atolón Palmyra, que sí es territorio incorporado). Tres Estados soberanos tienen Tratado de Libre Asociación con Estados Unidos, aunque no forman parte de estos: Estados Federados de Micronesia; Islas Marshall y Palaos.","El país es una unión federal de 50 estados y un distrito federal. Además están bajo soberanía estadounidense los territorios no incorporados de: Puerto Rico (Estado libre asociado); Islas Marianas del Norte (Estado libre asociado); Guam (territorio organizado); Islas Vírgenes de los Estados Unidos (territorio organizado); Samoa Americana (territorio no organizado) e Islas Ultramarinas Menores de los Estados Unidos (territorios no organizados, con excepción del atolón Palmyra, que sí es territorio incorporado). Tres Estados soberanos tienen Tratado de Libre Asociación con Estados Unidos, aunque no forman parte de estos: Estados Federados de Micronesia; Islas Marshall y Palaos.","El país es una unión federal de 50 estados y un distrito federal. Además están bajo soberanía estadounidense los territorios no incorporados de: Puerto Rico (Estado libre asociado); Islas Marianas del Norte (Estado libre asociado); Guam (territorio organizado); Islas Vírgenes de los Estados Unidos (territorio organizado); Samoa Americana (territorio no organizado) e Islas Ultramarinas Menores de los Estados Unidos (territorios no organizados, con excepción del atolón Palmyra, que sí es territorio incorporado). Tres Estados soberanos tienen Tratado de Libre Asociación con Estados Unidos, aunque no forman parte de estos: Estados Federados de Micronesia; Islas Marshall y Palaos.",
República de Estonia (Estonia),República de Estonia (Estonia),República parlamentaria,Tallin,Europa,Miembro (1991),Reconocida,
República de Estonia (Estonia),República de Estonia (Estonia),Estado miembro de la Unión Europea.,Estado miembro de la Unión Europea.,Estado miembro de la Unión Europea.,Estado miembro de la Unión Europea.,Estado miembro de la Unión Europea.,
República Democrática Federal de Etiopía (Etiopía),República Democrática Federal de Etiopía (Etiopía),República parlamentaria,Adís Abeba,África,Miembro (1945),Reconocida,
República Democrática Federal de Etiopía (Etiopía),República Democrática Federal de Etiopía (Etiopía),"Etiopía reclama el Triángulo de Ilemi, en posesión de Kenia.","Etiopía reclama el Triángulo de Ilemi, en posesión de Kenia.","Etiopía reclama el Triángulo de Ilemi, en posesión de Kenia.","Etiopía reclama el Triángulo de Ilemi, en posesión de Kenia.","Etiopía reclama el Triángulo de Ilemi, en posesión de Kenia.",
República de Filipinas (Filipinas),República de Filipinas (Filipinas),República presidencialista,Manila,Asia,Miembro (1945)[12]​,Reconocida,
República de Filipinas (Filipinas),República de Filipinas (Filipinas),"Filipinas reclama la soberanía parcial, controla siete islas de las islas Spratly y la totalidad del bajo de Masinloc. Asimismo, desde 1962 reclama la soberanía del norte de Borneo.","Filipinas reclama la soberanía parcial, controla siete islas de las islas Spratly y la totalidad del bajo de Masinloc. Asimismo, desde 1962 reclama la soberanía del norte de Borneo.","Filipinas reclama la soberanía parcial, controla siete islas de las islas Spratly y la totalidad del bajo de Masinloc. Asimismo, desde 1962 reclama la soberanía del norte de Borneo.","Filipinas reclama la soberanía parcial, controla siete islas de las islas Spratly y la totalidad del bajo de Masinloc. Asimismo, desde 1962 reclama la soberanía del norte de Borneo.","Filipinas reclama la soberanía parcial, controla siete islas de las islas Spratly y la totalidad del bajo de Masinloc. Asimismo, desde 1962 reclama la soberanía del norte de Borneo.",
República de Finlandia (Finlandia),República de Finlandia (Finlandia),República parlamentaria,Helsinki,Europa,Miembro (1955),Reconocida,
República de Finlandia (Finlandia),República de Finlandia (Finlandia),Estado miembro de la Unión Europea. Finlandia tiene una provincia autónoma que también forma parte de la Unión Europea: Åland,Estado miembro de la Unión Europea. Finlandia tiene una provincia autónoma que también forma parte de la Unión Europea: Åland,Estado miembro de la Unión Europea. Finlandia tiene una provincia autónoma que también forma parte de la Unión Europea: Åland,Estado miembro de la Unión Europea. Finlandia tiene una provincia autónoma que también forma parte de la Unión Europea: Åland,Estado miembro de la Unión Europea. Finlandia tiene una provincia autónoma que también forma parte de la Unión Europea: Åland,
República de Fiyi (Fiyi),República de Fiyi (Fiyi),República parlamentaria,Suva,Oceanía,Miembro (1970),Reconocida,
República de Fiyi (Fiyi),República de Fiyi (Fiyi),"Fiyi posee una dependencia especial, el archipiélago de Rotuma.","Fiyi posee una dependencia especial, el archipiélago de Rotuma.","Fiyi posee una dependencia especial, el archipiélago de Rotuma.","Fiyi posee una dependencia especial, el archipiélago de Rotuma.","Fiyi posee una dependencia especial, el archipiélago de Rotuma.",
República Francesa (Francia),República Francesa (Francia),República semipresidencialista,París,Europa,Miembro (1945),Reconocida,
República Francesa (Francia),República Francesa (Francia),"Estado miembro de la Unión Europea. Francia y España tienen un condominio sobre la isla de los Faisanes. Francia está formado por el territorio metropolitano (subdividido en 13 regiones) y 5 departamentos de ultramar integrados en la República y que forman parte de la Unión Europea como Región Ultraperiférica, que son Guadalupe, Reunión, Martinica, Guayana Francesa y Mayotte (reclamada por Comoras). Además, Francia tiene 6 colectividades de ultramar: Polinesia Francesa, San Pedro y Miquelón, San Bartolomé, San Martín, Wallis y Futuna y Nueva Caledonia (colectividad sui generis). También tiene dos territorios en ultramar: la Isla Clipperton y el Departamento de Tierras Australes y Antárticas Francesas, cuyas Islas Dispersas del Océano Índico son reclamadas por Madagascar, Mauricio, Comoras y Seychelles. Francia reclama territorio antártico: Tierra Adelia (1840)","Estado miembro de la Unión Europea. Francia y España tienen un condominio sobre la isla de los Faisanes. Francia está formado por el territorio metropolitano (subdividido en 13 regiones) y 5 departamentos de ultramar integrados en la República y que forman parte de la Unión Europea como Región Ultraperiférica, que son Guadalupe, Reunión, Martinica, Guayana Francesa y Mayotte (reclamada por Comoras). Además, Francia tiene 6 colectividades de ultramar: Polinesia Francesa, San Pedro y Miquelón, San Bartolomé, San Martín, Wallis y Futuna y Nueva Caledonia (colectividad sui generis). También tiene dos territorios en ultramar: la Isla Clipperton y el Departamento de Tierras Australes y Antárticas Francesas, cuyas Islas Dispersas del Océano Índico son reclamadas por Madagascar, Mauricio, Comoras y Seychelles. Francia reclama territorio antártico: Tierra Adelia (1840)","Estado miembro de la Unión Europea. Francia y España tienen un condominio sobre la isla de los Faisanes. Francia está formado por el territorio metropolitano (subdividido en 13 regiones) y 5 departamentos de ultramar integrados en la República y que forman parte de la Unión Europea como Región Ultraperiférica, que son Guadalupe, Reunión, Martinica, Guayana Francesa y Mayotte (reclamada por Comoras). Además, Francia tiene 6 colectividades de ultramar: Polinesia Francesa, San Pedro y Miquelón, San Bartolomé, San Martín, Wallis y Futuna y Nueva Caledonia (colectividad sui generis). También tiene dos territorios en ultramar: la Isla Clipperton y el Departamento de Tierras Australes y Antárticas Francesas, cuyas Islas Dispersas del Océano Índico son reclamadas por Madagascar, Mauricio, Comoras y Seychelles. Francia reclama territorio antártico: Tierra Adelia (1840)","Estado miembro de la Unión Europea. Francia y España tienen un condominio sobre la isla de los Faisanes. Francia está formado por el territorio metropolitano (subdividido en 13 regiones) y 5 departamentos de ultramar integrados en la República y que forman parte de la Unión Europea como Región Ultraperiférica, que son Guadalupe, Reunión, Martinica, Guayana Francesa y Mayotte (reclamada por Comoras). Además, Francia tiene 6 colectividades de ultramar: Polinesia Francesa, San Pedro y Miquelón, San Bartolomé, San Martín, Wallis y Futuna y Nueva Caledonia (colectividad sui generis). También tiene dos territorios en ultramar: la Isla Clipperton y el Departamento de Tierras Australes y Antárticas Francesas, cuyas Islas Dispersas del Océano Índico son reclamadas por Madagascar, Mauricio, Comoras y Seychelles. Francia reclama territorio antártico: Tierra Adelia (1840)","Estado miembro de la Unión Europea. Francia y España tienen un condominio sobre la isla de los Faisanes. Francia está formado por el territorio metropolitano (subdividido en 13 regiones) y 5 departamentos de ultramar integrados en la República y que forman parte de la Unión Europea como Región Ultraperiférica, que son Guadalupe, Reunión, Martinica, Guayana Francesa y Mayotte (reclamada por Comoras). Además, Francia tiene 6 colectividades de ultramar: Polinesia Francesa, San Pedro y Miquelón, San Bartolomé, San Martín, Wallis y Futuna y Nueva Caledonia (colectividad sui generis). También tiene dos territorios en ultramar: la Isla Clipperton y el Departamento de Tierras Australes y Antárticas Francesas, cuyas Islas Dispersas del Océano Índico son reclamadas por Madagascar, Mauricio, Comoras y Seychelles. Francia reclama territorio antártico: Tierra Adelia (1840)",
República Gabonesa (Gabón),República Gabonesa (Gabón),República presidencialista,Libreville,África,Miembro (1960),Reconocida,
República Gabonesa (Gabón),República Gabonesa (Gabón),-,-,-,-,-,
República del Gambia (Gambia),República del Gambia (Gambia),República presidencialista,Banjul,África,Miembro (1965),Reconocida,
República del Gambia (Gambia),República del Gambia (Gambia),-,-,-,-,-,
Georgia,Georgia,República semipresidencialista,Tiflis[13]​,Asia-Europa,Miembro (1992),Reconocida,
Georgia,Georgia,"Georgia tiene dos regiones autónomas: Ayaria y la República Autónoma de Abjasia (independiente de facto). Georgia no reconoce la autoproclamada independencia de Abjasia y de Osetia del Sur como consecuencia de la guerra de Osetia del Sur de 2008, que provocó la intervención de Rusia.","Georgia tiene dos regiones autónomas: Ayaria y la República Autónoma de Abjasia (independiente de facto). Georgia no reconoce la autoproclamada independencia de Abjasia y de Osetia del Sur como consecuencia de la guerra de Osetia del Sur de 2008, que provocó la intervención de Rusia.","Georgia tiene dos regiones autónomas: Ayaria y la República Autónoma de Abjasia (independiente de facto). Georgia no reconoce la autoproclamada independencia de Abjasia y de Osetia del Sur como consecuencia de la guerra de Osetia del Sur de 2008, que provocó la intervención de Rusia.","Georgia tiene dos regiones autónomas: Ayaria y la República Autónoma de Abjasia (independiente de facto). Georgia no reconoce la autoproclamada independencia de Abjasia y de Osetia del Sur como consecuencia de la guerra de Osetia del Sur de 2008, que provocó la intervención de Rusia.","Georgia tiene dos regiones autónomas: Ayaria y la República Autónoma de Abjasia (independiente de facto). Georgia no reconoce la autoproclamada independencia de Abjasia y de Osetia del Sur como consecuencia de la guerra de Osetia del Sur de 2008, que provocó la intervención de Rusia.",
República de Ghana (Ghana),República de Ghana (Ghana),República presidencialista,Acra,África,Miembro (1957),Reconocida,
República de Ghana (Ghana),República de Ghana (Ghana),-,-,-,-,-,
Granada,Granada,Monarquía constitucional,Saint George,América,Miembro (1974),Reconocida,
Granada,Granada,"Es una monarquía en la Mancomunidad de Naciones, siendo su jefe de Estado el monarca británico.","Es una monarquía en la Mancomunidad de Naciones, siendo su jefe de Estado el monarca británico.","Es una monarquía en la Mancomunidad de Naciones, siendo su jefe de Estado el monarca británico.","Es una monarquía en la Mancomunidad de Naciones, siendo su jefe de Estado el monarca británico.","Es una monarquía en la Mancomunidad de Naciones, siendo su jefe de Estado el monarca británico.",
República Helénica (Grecia),República Helénica (Grecia),República parlamentaria,Atenas,Europa,Miembro (1945),Reconocida,
República Helénica (Grecia),República Helénica (Grecia),Estado miembro de la Unión Europea. Grecia posee un territorio autónomo: Monte Athos,Estado miembro de la Unión Europea. Grecia posee un territorio autónomo: Monte Athos,Estado miembro de la Unión Europea. Grecia posee un territorio autónomo: Monte Athos,Estado miembro de la Unión Europea. Grecia posee un territorio autónomo: Monte Athos,Estado miembro de la Unión Europea. Grecia posee un territorio autónomo: Monte Athos,
República de Guatemala (Guatemala),República de Guatemala (Guatemala),República presidencialista,Ciudad de Guatemala,América,Miembro (1945),Reconocida,
República de Guatemala (Guatemala),República de Guatemala (Guatemala),"Guatemala tiene un diferendo territorial con Belice, reclamando 11 030 km² de su territorio.","Guatemala tiene un diferendo territorial con Belice, reclamando 11 030 km² de su territorio.","Guatemala tiene un diferendo territorial con Belice, reclamando 11 030 km² de su territorio.","Guatemala tiene un diferendo territorial con Belice, reclamando 11 030 km² de su territorio.","Guatemala tiene un diferendo territorial con Belice, reclamando 11 030 km² de su territorio.",
República de Guinea (Guinea),República de Guinea (Guinea),República presidencialista (bajo junta militar),Conakri,África,Miembro (1958),Reconocida,
República de Guinea (Guinea),República de Guinea (Guinea),-,-,-,-,-,
República de Guinea-Bisáu (Guinea-Bisáu),República de Guinea-Bisáu (Guinea-Bisáu),República semipresidencialista,Bisáu,África,Miembro (1974),Reconocida,
República de Guinea-Bisáu (Guinea-Bisáu),República de Guinea-Bisáu (Guinea-Bisáu),-,-,-,-,-,
República de Guinea Ecuatorial (Guinea Ecuatorial),República de Guinea Ecuatorial (Guinea Ecuatorial),República presidencialista,Ciudad de la Paz,África,Miembro (1968),Reconocida,
República de Guinea Ecuatorial (Guinea Ecuatorial),República de Guinea Ecuatorial (Guinea Ecuatorial),-,-,-,-,-,
República Cooperativa de Guyana (Guyana),República Cooperativa de Guyana (Guyana),República presidencialista,Georgetown,América,Miembro (1966),Reconocida,
República Cooperativa de Guyana (Guyana),República Cooperativa de Guyana (Guyana),"Venezuela reclama la Guayana Esequiba, que constituyen 159 542 km² de los 214 969 km² de Guyana.","Venezuela reclama la Guayana Esequiba, que constituyen 159 542 km² de los 214 969 km² de Guyana.","Venezuela reclama la Guayana Esequiba, que constituyen 159 542 km² de los 214 969 km² de Guyana.","Venezuela reclama la Guayana Esequiba, que constituyen 159 542 km² de los 214 969 km² de Guyana.","Venezuela reclama la Guayana Esequiba, que constituyen 159 542 km² de los 214 969 km² de Guyana.",
República de Haití (Haití),República de Haití (Haití),República semipresidencialista,Puerto Príncipe,América,Miembro (1945),Reconocida,
República de Haití (Haití),República de Haití (Haití),"Haití reclama la isla de Navaza, administrada por los Estados Unidos.","Haití reclama la isla de Navaza, administrada por los Estados Unidos.","Haití reclama la isla de Navaza, administrada por los Estados Unidos.","Haití reclama la isla de Navaza, administrada por los Estados Unidos.","Haití reclama la isla de Navaza, administrada por los Estados Unidos.",
República de Honduras (Honduras),República de Honduras (Honduras),República presidencialista,Tegucigalpa[14]​,América,Miembro (1945),Reconocida,
República de Honduras (Honduras),República de Honduras (Honduras),El Salvador reclama la isla Conejo desde que Honduras la ocupara en 1982.,El Salvador reclama la isla Conejo desde que Honduras la ocupara en 1982.,El Salvador reclama la isla Conejo desde que Honduras la ocupara en 1982.,El Salvador reclama la isla Conejo desde que Honduras la ocupara en 1982.,El Salvador reclama la isla Conejo desde que Honduras la ocupara en 1982.,
Hungría,Hungría,República parlamentaria,Budapest,Europa,Miembro (1955),Reconocida,
Hungría,Hungría,Estado miembro de la Unión Europea.,Estado miembro de la Unión Europea.,Estado miembro de la Unión Europea.,Estado miembro de la Unión Europea.,Estado miembro de la Unión Europea.,
República de la India (India),República de la India (India),República parlamentaria,Nueva Delhi,Asia,Miembro (1945)[15]​,Reconocida,
República de la India (India),República de la India (India),"India es una federación de 29 estados, 6 territorios de la unión y un territorio de la capital nacional. India mantiene una disputa territorial con Pakistán y la República Popular China con base en el conflicto de Cachemira (desde 1947), reclamando seis territorios: el estado de Jammu y Cachemira (Jammu, Cachemira y Ladakh y el glaciar de Siachen) administrados por la India; Azad Cachemira y Gilgit-Baltistán administrados por Pakistán, y Aksai Chin y el Valle Shaksgam, controlados por la República Popular China. Este país reclama la soberanía de Arunachal Pradesh, controlada por la India.","India es una federación de 29 estados, 6 territorios de la unión y un territorio de la capital nacional. India mantiene una disputa territorial con Pakistán y la República Popular China con base en el conflicto de Cachemira (desde 1947), reclamando seis territorios: el estado de Jammu y Cachemira (Jammu, Cachemira y Ladakh y el glaciar de Siachen) administrados por la India; Azad Cachemira y Gilgit-Baltistán administrados por Pakistán, y Aksai Chin y el Valle Shaksgam, controlados por la República Popular China. Este país reclama la soberanía de Arunachal Pradesh, controlada por la India.","India es una federación de 29 estados, 6 territorios de la unión y un territorio de la capital nacional. India mantiene una disputa territorial con Pakistán y la República Popular China con base en el conflicto de Cachemira (desde 1947), reclamando seis territorios: el estado de Jammu y Cachemira (Jammu, Cachemira y Ladakh y el glaciar de Siachen) administrados por la India; Azad Cachemira y Gilgit-Baltistán administrados por Pakistán, y Aksai Chin y el Valle Shaksgam, controlados por la República Popular China. Este país reclama la soberanía de Arunachal Pradesh, controlada por la India.","India es una federación de 29 estados, 6 territorios de la unión y un territorio de la capital nacional. India mantiene una disputa territorial con Pakistán y la República Popular China con base en el conflicto de Cachemira (desde 1947), reclamando seis territorios: el estado de Jammu y Cachemira (Jammu, Cachemira y Ladakh y el glaciar de Siachen) administrados por la India; Azad Cachemira y Gilgit-Baltistán administrados por Pakistán, y Aksai Chin y el Valle Shaksgam, controlados por la República Popular China. Este país reclama la soberanía de Arunachal Pradesh, controlada por la India.","India es una federación de 29 estados, 6 territorios de la unión y un territorio de la capital nacional. India mantiene una disputa territorial con Pakistán y la República Popular China con base en el conflicto de Cachemira (desde 1947), reclamando seis territorios: el estado de Jammu y Cachemira (Jammu, Cachemira y Ladakh y el glaciar de Siachen) administrados por la India; Azad Cachemira y Gilgit-Baltistán administrados por Pakistán, y Aksai Chin y el Valle Shaksgam, controlados por la República Popular China. Este país reclama la soberanía de Arunachal Pradesh, controlada por la India.",
República de Indonesia (Indonesia),República de Indonesia (Indonesia),República presidencialista,Yakarta[16]​,Asia,Miembro (1950),Reconocida,
República de Indonesia (Indonesia),República de Indonesia (Indonesia),-,-,-,-,-,
República de Irak (Irak),República de Irak (Irak),República parlamentaria,Bagdad,Asia,Miembro (1945),Reconocida,
República de Irak (Irak),República de Irak (Irak),Irak está compuesta de 18 gobernaciones y una región autónoma: Kurdistán.,Irak está compuesta de 18 gobernaciones y una región autónoma: Kurdistán.,Irak está compuesta de 18 gobernaciones y una región autónoma: Kurdistán.,Irak está compuesta de 18 gobernaciones y una región autónoma: Kurdistán.,Irak está compuesta de 18 gobernaciones y una región autónoma: Kurdistán.,
República Islámica de Irán (Irán),República Islámica de Irán (Irán),República islámica presidencialista,Teherán,Asia,Miembro (1945),Reconocida,
República Islámica de Irán (Irán),República Islámica de Irán (Irán),-,-,-,-,-,
República de Irlanda (Irlanda),República de Irlanda (Irlanda),República parlamentaria,Dublín,Europa,Miembro (1955),Reconocida,
República de Irlanda (Irlanda),República de Irlanda (Irlanda),Estado miembro de la Unión Europea.,Estado miembro de la Unión Europea.,Estado miembro de la Unión Europea.,Estado miembro de la Unión Europea.,Estado miembro de la Unión Europea.,
República de Islandia (Islandia),República de Islandia (Islandia),República parlamentaria,Reikiavik,Europa,Miembro (1946),Reconocida,
República de Islandia (Islandia),República de Islandia (Islandia),-,-,-,-,-,
Estado de Israel (Israel),Estado de Israel (Israel),República parlamentaria,oficial: Jerusalén[17]​ de facto: Tel Aviv[18]​,Asia,Miembro (1949),Parcialmente no reconocido.,
Estado de Israel (Israel),Estado de Israel (Israel),"Como consecuencia del conflicto árabe-israelí, 28 países miembros de la ONU y un no miembro (RASD) no reconocen la soberanía israelí, aunque sí es reconocida por la Autoridad Nacional Palestina. Tampoco se reconoce por la comunidad internacional la ocupación de Jerusalén Este realizada por Israel en 1967, y su declaración como capital según la Ley de Jerusalén de 1980; por lo que casi todos los países que tienen relaciones diplomáticas con Israel tienen sus embajadas en Tel Aviv. Israel mantiene la ocupación militar de ciertas partes de Cisjordania (62 %), que según los Acuerdos de Oslo (1993) son las zonas B (control civil palestino y militar israelí) y zonas C (control exclusivo militar y civil de Israel). Los territorios ocupados son reclamados por Palestina. Israel también controla, desde 1967 militarmente y desde 1981 militar y administrativamente, los altos del Golán, reclamados por Siria, aunque formalmente no se los ha anexionado y los considera territorio en disputa.","Como consecuencia del conflicto árabe-israelí, 28 países miembros de la ONU y un no miembro (RASD) no reconocen la soberanía israelí, aunque sí es reconocida por la Autoridad Nacional Palestina. Tampoco se reconoce por la comunidad internacional la ocupación de Jerusalén Este realizada por Israel en 1967, y su declaración como capital según la Ley de Jerusalén de 1980; por lo que casi todos los países que tienen relaciones diplomáticas con Israel tienen sus embajadas en Tel Aviv. Israel mantiene la ocupación militar de ciertas partes de Cisjordania (62 %), que según los Acuerdos de Oslo (1993) son las zonas B (control civil palestino y militar israelí) y zonas C (control exclusivo militar y civil de Israel). Los territorios ocupados son reclamados por Palestina. Israel también controla, desde 1967 militarmente y desde 1981 militar y administrativamente, los altos del Golán, reclamados por Siria, aunque formalmente no se los ha anexionado y los considera territorio en disputa.","Como consecuencia del conflicto árabe-israelí, 28 países miembros de la ONU y un no miembro (RASD) no reconocen la soberanía israelí, aunque sí es reconocida por la Autoridad Nacional Palestina. Tampoco se reconoce por la comunidad internacional la ocupación de Jerusalén Este realizada por Israel en 1967, y su declaración como capital según la Ley de Jerusalén de 1980; por lo que casi todos los países que tienen relaciones diplomáticas con Israel tienen sus embajadas en Tel Aviv. Israel mantiene la ocupación militar de ciertas partes de Cisjordania (62 %), que según los Acuerdos de Oslo (1993) son las zonas B (control civil palestino y militar israelí) y zonas C (control exclusivo militar y civil de Israel). Los territorios ocupados son reclamados por Palestina. Israel también controla, desde 1967 militarmente y desde 1981 militar y administrativamente, los altos del Golán, reclamados por Siria, aunque formalmente no se los ha anexionado y los considera territorio en disputa.","Como consecuencia del conflicto árabe-israelí, 28 países miembros de la ONU y un no miembro (RASD) no reconocen la soberanía israelí, aunque sí es reconocida por la Autoridad Nacional Palestina. Tampoco se reconoce por la comunidad internacional la ocupación de Jerusalén Este realizada por Israel en 1967, y su declaración como capital según la Ley de Jerusalén de 1980; por lo que casi todos los países que tienen relaciones diplomáticas con Israel tienen sus embajadas en Tel Aviv. Israel mantiene la ocupación militar de ciertas partes de Cisjordania (62 %), que según los Acuerdos de Oslo (1993) son las zonas B (control civil palestino y militar israelí) y zonas C (control exclusivo militar y civil de Israel). Los territorios ocupados son reclamados por Palestina. Israel también controla, desde 1967 militarmente y desde 1981 militar y administrativamente, los altos del Golán, reclamados por Siria, aunque formalmente no se los ha anexionado y los considera territorio en disputa.","Como consecuencia del conflicto árabe-israelí, 28 países miembros de la ONU y un no miembro (RASD) no reconocen la soberanía israelí, aunque sí es reconocida por la Autoridad Nacional Palestina. Tampoco se reconoce por la comunidad internacional la ocupación de Jerusalén Este realizada por Israel en 1967, y su declaración como capital según la Ley de Jerusalén de 1980; por lo que casi todos los países que tienen relaciones diplomáticas con Israel tienen sus embajadas en Tel Aviv. Israel mantiene la ocupación militar de ciertas partes de Cisjordania (62 %), que según los Acuerdos de Oslo (1993) son las zonas B (control civil palestino y militar israelí) y zonas C (control exclusivo militar y civil de Israel). Los territorios ocupados son reclamados por Palestina. Israel también controla, desde 1967 militarmente y desde 1981 militar y administrativamente, los altos del Golán, reclamados por Siria, aunque formalmente no se los ha anexionado y los considera territorio en disputa.",
República Italiana (Italia),República Italiana (Italia),República parlamentaria,Roma,Europa,Miembro (1955),Reconocida,
República Italiana (Italia),República Italiana (Italia),Estado miembro de la Unión Europea.,Estado miembro de la Unión Europea.,Estado miembro de la Unión Europea.,Estado miembro de la Unión Europea.,Estado miembro de la Unión Europea.,
Jamaica,Jamaica,Monarquía constitucional,Kingston,América,Miembro (1962),Reconocida,
Jamaica,Jamaica,"Es una monarquía en la Mancomunidad de Naciones, siendo su jefe de Estado el monarca británico.","Es una monarquía en la Mancomunidad de Naciones, siendo su jefe de Estado el monarca británico.","Es una monarquía en la Mancomunidad de Naciones, siendo su jefe de Estado el monarca británico.","Es una monarquía en la Mancomunidad de Naciones, siendo su jefe de Estado el monarca británico.","Es una monarquía en la Mancomunidad de Naciones, siendo su jefe de Estado el monarca británico.",
Estado del Japón (Japón),Estado del Japón (Japón),Monarquía parlamentaria,Tokio,Asia,Miembro (1956),Reconocida,
Estado del Japón (Japón),Estado del Japón (Japón),"Japón mantiene un conflicto sobre las islas Kuriles con Rusia desde su ocupación por la Unión Soviética en 1945. Asimismo, mantiene disputas territoriales con Corea del Sur por la soberanía de las rocas de Liancourt, y con la República Popular China por las islas Senkaku y la Zona Económica Exclusiva de Okinotorishima.","Japón mantiene un conflicto sobre las islas Kuriles con Rusia desde su ocupación por la Unión Soviética en 1945. Asimismo, mantiene disputas territoriales con Corea del Sur por la soberanía de las rocas de Liancourt, y con la República Popular China por las islas Senkaku y la Zona Económica Exclusiva de Okinotorishima.","Japón mantiene un conflicto sobre las islas Kuriles con Rusia desde su ocupación por la Unión Soviética en 1945. Asimismo, mantiene disputas territoriales con Corea del Sur por la soberanía de las rocas de Liancourt, y con la República Popular China por las islas Senkaku y la Zona Económica Exclusiva de Okinotorishima.","Japón mantiene un conflicto sobre las islas Kuriles con Rusia desde su ocupación por la Unión Soviética en 1945. Asimismo, mantiene disputas territoriales con Corea del Sur por la soberanía de las rocas de Liancourt, y con la República Popular China por las islas Senkaku y la Zona Económica Exclusiva de Okinotorishima.","Japón mantiene un conflicto sobre las islas Kuriles con Rusia desde su ocupación por la Unión Soviética en 1945. Asimismo, mantiene disputas territoriales con Corea del Sur por la soberanía de las rocas de Liancourt, y con la República Popular China por las islas Senkaku y la Zona Económica Exclusiva de Okinotorishima.",
Reino Hachemita de Jordania (Jordania),Reino Hachemita de Jordania (Jordania),Monarquía constitucional,Amán,Asia,Miembro (1955),Reconocida,
Reino Hachemita de Jordania (Jordania),Reino Hachemita de Jordania (Jordania),-,-,-,-,-,
República de Kazajistán (Kazajistán),República de Kazajistán (Kazajistán),República semipresidencialista,Astaná,Asia-Europa,Miembro (1992),Reconocida,
República de Kazajistán (Kazajistán),República de Kazajistán (Kazajistán),-,-,-,-,-,
República de Kenia (Kenia),República de Kenia (Kenia),República presidencialista,Nairobi,África,Miembro (1963),Reconocida,
República de Kenia (Kenia),República de Kenia (Kenia),"Kenia administra el triángulo de Ilemi, que es reclamado por Sudán del Sur y Etiopía.","Kenia administra el triángulo de Ilemi, que es reclamado por Sudán del Sur y Etiopía.","Kenia administra el triángulo de Ilemi, que es reclamado por Sudán del Sur y Etiopía.","Kenia administra el triángulo de Ilemi, que es reclamado por Sudán del Sur y Etiopía.","Kenia administra el triángulo de Ilemi, que es reclamado por Sudán del Sur y Etiopía.",
República Kirguisa (Kirguistán),República Kirguisa (Kirguistán),República parlamentaria,Biskek,Asia,Miembro (1992),Reconocida,
República Kirguisa (Kirguistán),República Kirguisa (Kirguistán),-,-,-,-,-,
República de Kiribati (Kiribati),República de Kiribati (Kiribati),República parlamentaria,Tarawa Sur,Oceanía,Miembro (1999),Reconocida,
República de Kiribati (Kiribati),República de Kiribati (Kiribati),-,-,-,-,-,
Estado de Kuwait (Kuwait),Estado de Kuwait (Kuwait),Monarquía constitucional,Ciudad de Kuwait,Asia,Miembro (1963),Reconocida,
Estado de Kuwait (Kuwait),Estado de Kuwait (Kuwait),-,-,-,-,-,
República Democrática Popular Lao (Laos),República Democrática Popular Lao (Laos),Estado socialista,Vientián,Asia,Miembro (1955),Reconocida,
República Democrática Popular Lao (Laos),República Democrática Popular Lao (Laos),-,-,-,-,-,
Reino de Lesoto (Lesoto),Reino de Lesoto (Lesoto),Monarquía parlamentaria,Maseru,África,Miembro (1966),Reconocida,
Reino de Lesoto (Lesoto),Reino de Lesoto (Lesoto),-,-,-,-,-,
República de Letonia (Letonia),República de Letonia (Letonia),República parlamentaria,Riga,Europa,Miembro (1991),Reconocida,
República de Letonia (Letonia),República de Letonia (Letonia),Estado miembro de la Unión Europea.,Estado miembro de la Unión Europea.,Estado miembro de la Unión Europea.,Estado miembro de la Unión Europea.,Estado miembro de la Unión Europea.,
República Libanesa (Líbano),República Libanesa (Líbano),República parlamentaria,Beirut,Asia,Miembro (1945),Reconocida,
República Libanesa (Líbano),República Libanesa (Líbano),-,-,-,-,-,
República de Liberia (Liberia),República de Liberia (Liberia),República presidencialista,Monrovia,África,Miembro (1945),Reconocida,
República de Liberia (Liberia),República de Liberia (Liberia),-,-,-,-,-,
Estado de Libia (Libia),Estado de Libia (Libia),Gobierno provisional,Trípoli,África,Miembro (1955),Reconocida,
Estado de Libia (Libia),Estado de Libia (Libia),-,-,-,-,-,
Principado de Liechtenstein (Liechtenstein),Principado de Liechtenstein (Liechtenstein),Monarquía constitucional,Vaduz,Europa,Miembro (1990),Reconocida,
Principado de Liechtenstein (Liechtenstein),Principado de Liechtenstein (Liechtenstein),-,-,-,-,-,
República de Lituania (Lituania),República de Lituania (Lituania),República semipresidencialista,Vilna,Europa,Miembro (1991),Reconocida,
República de Lituania (Lituania),República de Lituania (Lituania),Estado miembro de la Unión Europea.,Estado miembro de la Unión Europea.,Estado miembro de la Unión Europea.,Estado miembro de la Unión Europea.,Estado miembro de la Unión Europea.,
Gran Ducado de Luxemburgo (Luxemburgo),Gran Ducado de Luxemburgo (Luxemburgo),Monarquía constitucional,Ciudad de Luxemburgo,Europa,Miembro (1945),Reconocida,
Gran Ducado de Luxemburgo (Luxemburgo),Gran Ducado de Luxemburgo (Luxemburgo),Estado miembro de la Unión Europea.,Estado miembro de la Unión Europea.,Estado miembro de la Unión Europea.,Estado miembro de la Unión Europea.,Estado miembro de la Unión Europea.,
República de Macedonia del Norte (Macedonia del Norte),República de Macedonia del Norte (Macedonia del Norte),República parlamentaria,Skopie,Europa,Miembro (1993),Reconocida,
República de Macedonia del Norte (Macedonia del Norte),República de Macedonia del Norte (Macedonia del Norte),"Antes de 2019, la «República de Macedonia» era denominada de forma provisional como Antigua República Yugoslava de Macedonia en organismos como Naciones Unidas producto de la disputa sobre la denominación «Macedonia». Luego del acuerdo firmado con Grecia, recibe el actual nombre de Macedonia del Norte.","Antes de 2019, la «República de Macedonia» era denominada de forma provisional como Antigua República Yugoslava de Macedonia en organismos como Naciones Unidas producto de la disputa sobre la denominación «Macedonia». Luego del acuerdo firmado con Grecia, recibe el actual nombre de Macedonia del Norte.","Antes de 2019, la «República de Macedonia» era denominada de forma provisional como Antigua República Yugoslava de Macedonia en organismos como Naciones Unidas producto de la disputa sobre la denominación «Macedonia». Luego del acuerdo firmado con Grecia, recibe el actual nombre de Macedonia del Norte.","Antes de 2019, la «República de Macedonia» era denominada de forma provisional como Antigua República Yugoslava de Macedonia en organismos como Naciones Unidas producto de la disputa sobre la denominación «Macedonia». Luego del acuerdo firmado con Grecia, recibe el actual nombre de Macedonia del Norte.","Antes de 2019, la «República de Macedonia» era denominada de forma provisional como Antigua República Yugoslava de Macedonia en organismos como Naciones Unidas producto de la disputa sobre la denominación «Macedonia». Luego del acuerdo firmado con Grecia, recibe el actual nombre de Macedonia del Norte.",
República de Madagascar (Madagascar),República de Madagascar (Madagascar),República semipresidencialista,Antananarivo,África,Miembro (1960),Reconocida,
República de Madagascar (Madagascar),República de Madagascar (Madagascar),"Madagascar reclama la soberanía de las islas francesas de Bassas da India, islas Gloriosas e isla Juan de Nova.","Madagascar reclama la soberanía de las islas francesas de Bassas da India, islas Gloriosas e isla Juan de Nova.","Madagascar reclama la soberanía de las islas francesas de Bassas da India, islas Gloriosas e isla Juan de Nova.","Madagascar reclama la soberanía de las islas francesas de Bassas da India, islas Gloriosas e isla Juan de Nova.","Madagascar reclama la soberanía de las islas francesas de Bassas da India, islas Gloriosas e isla Juan de Nova.",
Federación de Malasia (Malasia),Federación de Malasia (Malasia),Monarquía constitucional electiva,Kuala Lumpur[19]​,Asia,Miembro (1957)[20]​,Reconocida,
Federación de Malasia (Malasia),Federación de Malasia (Malasia),Malasia es una federación de 13 estados y 3 territorios federales. Malasia mantiene una disputa territorial con Indonesia por la roca marina de Ambalat.,Malasia es una federación de 13 estados y 3 territorios federales. Malasia mantiene una disputa territorial con Indonesia por la roca marina de Ambalat.,Malasia es una federación de 13 estados y 3 territorios federales. Malasia mantiene una disputa territorial con Indonesia por la roca marina de Ambalat.,Malasia es una federación de 13 estados y 3 territorios federales. Malasia mantiene una disputa territorial con Indonesia por la roca marina de Ambalat.,Malasia es una federación de 13 estados y 3 territorios federales. Malasia mantiene una disputa territorial con Indonesia por la roca marina de Ambalat.,
República de Malaui (Malaui),República de Malaui (Malaui),República presidencialista,Lilongüe,África,Miembro (1964),Reconocida,
República de Malaui (Malaui),República de Malaui (Malaui),"La mayor parte del lago Malaui se encuentra en Malaui, si bien la frontera lacustre entre este país y Tanzania se encuentra todavía en disputa. Tanzania reclama fronteras sobre el lago iguales a las que separaban las colonias alemanas y británicas antes de 1914, mientras Malaui lo hace sobre la base de la administración británica de ambos territorios en 1919. Las islas de Likoma y Chizumulu, dentro de aguas mozambiqueñas, constituyen un enclave de Malaui.","La mayor parte del lago Malaui se encuentra en Malaui, si bien la frontera lacustre entre este país y Tanzania se encuentra todavía en disputa. Tanzania reclama fronteras sobre el lago iguales a las que separaban las colonias alemanas y británicas antes de 1914, mientras Malaui lo hace sobre la base de la administración británica de ambos territorios en 1919. Las islas de Likoma y Chizumulu, dentro de aguas mozambiqueñas, constituyen un enclave de Malaui.","La mayor parte del lago Malaui se encuentra en Malaui, si bien la frontera lacustre entre este país y Tanzania se encuentra todavía en disputa. Tanzania reclama fronteras sobre el lago iguales a las que separaban las colonias alemanas y británicas antes de 1914, mientras Malaui lo hace sobre la base de la administración británica de ambos territorios en 1919. Las islas de Likoma y Chizumulu, dentro de aguas mozambiqueñas, constituyen un enclave de Malaui.","La mayor parte del lago Malaui se encuentra en Malaui, si bien la frontera lacustre entre este país y Tanzania se encuentra todavía en disputa. Tanzania reclama fronteras sobre el lago iguales a las que separaban las colonias alemanas y británicas antes de 1914, mientras Malaui lo hace sobre la base de la administración británica de ambos territorios en 1919. Las islas de Likoma y Chizumulu, dentro de aguas mozambiqueñas, constituyen un enclave de Malaui.","La mayor parte del lago Malaui se encuentra en Malaui, si bien la frontera lacustre entre este país y Tanzania se encuentra todavía en disputa. Tanzania reclama fronteras sobre el lago iguales a las que separaban las colonias alemanas y británicas antes de 1914, mientras Malaui lo hace sobre la base de la administración británica de ambos territorios en 1919. Las islas de Likoma y Chizumulu, dentro de aguas mozambiqueñas, constituyen un enclave de Malaui.",
República de Maldivas (Maldivas),República de Maldivas (Maldivas),República presidencialista,Malé,Asia,Miembro (1965),Reconocida,
República de Maldivas (Maldivas),República de Maldivas (Maldivas),-,-,-,-,-,
República de Malí (Mali/Malí),República de Malí (Mali/Malí),República semipresidencialista (bajo junta militar),Bamako,África,Miembro (1960),Reconocida,
República de Malí (Mali/Malí),República de Malí (Mali/Malí),-,-,-,-,-,
República de Malta (Malta),República de Malta (Malta),República parlamentaria,La Valeta,Europa,Miembro (1964),Reconocida,
República de Malta (Malta),República de Malta (Malta),Estado miembro de la Unión Europea.,Estado miembro de la Unión Europea.,Estado miembro de la Unión Europea.,Estado miembro de la Unión Europea.,Estado miembro de la Unión Europea.,
Reino de Marruecos (Marruecos),Reino de Marruecos (Marruecos),Monarquía constitucional,Rabat,África,Miembro (1956),Reconocida,
Reino de Marruecos (Marruecos),Reino de Marruecos (Marruecos),"Marruecos reclama la soberanía de Ceuta y Melilla, así como de las plazas de soberanía, territorios integrados en España. Marruecos controla casi la totalidad del Sáhara Occidental después de los Acuerdos de Madrid (1976); sin embargo, no están reconocidos por el derecho internacional, por lo que muchos países (ni las Naciones Unidas) reconocen su soberanía. Actualmente solo Estados Unidos e Israel reconocen la soberanía marroquí.","Marruecos reclama la soberanía de Ceuta y Melilla, así como de las plazas de soberanía, territorios integrados en España. Marruecos controla casi la totalidad del Sáhara Occidental después de los Acuerdos de Madrid (1976); sin embargo, no están reconocidos por el derecho internacional, por lo que muchos países (ni las Naciones Unidas) reconocen su soberanía. Actualmente solo Estados Unidos e Israel reconocen la soberanía marroquí.","Marruecos reclama la soberanía de Ceuta y Melilla, así como de las plazas de soberanía, territorios integrados en España. Marruecos controla casi la totalidad del Sáhara Occidental después de los Acuerdos de Madrid (1976); sin embargo, no están reconocidos por el derecho internacional, por lo que muchos países (ni las Naciones Unidas) reconocen su soberanía. Actualmente solo Estados Unidos e Israel reconocen la soberanía marroquí.","Marruecos reclama la soberanía de Ceuta y Melilla, así como de las plazas de soberanía, territorios integrados en España. Marruecos controla casi la totalidad del Sáhara Occidental después de los Acuerdos de Madrid (1976); sin embargo, no están reconocidos por el derecho internacional, por lo que muchos países (ni las Naciones Unidas) reconocen su soberanía. Actualmente solo Estados Unidos e Israel reconocen la soberanía marroquí.","Marruecos reclama la soberanía de Ceuta y Melilla, así como de las plazas de soberanía, territorios integrados en España. Marruecos controla casi la totalidad del Sáhara Occidental después de los Acuerdos de Madrid (1976); sin embargo, no están reconocidos por el derecho internacional, por lo que muchos países (ni las Naciones Unidas) reconocen su soberanía. Actualmente solo Estados Unidos e Israel reconocen la soberanía marroquí.",
República de las Islas Marshall (Islas Marshall),República de las Islas Marshall (Islas Marshall),República parlamentaria,Majuro,Oceanía,Miembro (1991),Reconocida,
República de las Islas Marshall (Islas Marshall),República de las Islas Marshall (Islas Marshall),"Las islas Marshall reclaman la soberanía de la isla Wake, administrada por los Estados Unidos. Las islas Marshall firmaron un Tratado de Libre Asociación con los Estados Unidos en 1986, pero no forma parte de ellos.","Las islas Marshall reclaman la soberanía de la isla Wake, administrada por los Estados Unidos. Las islas Marshall firmaron un Tratado de Libre Asociación con los Estados Unidos en 1986, pero no forma parte de ellos.","Las islas Marshall reclaman la soberanía de la isla Wake, administrada por los Estados Unidos. Las islas Marshall firmaron un Tratado de Libre Asociación con los Estados Unidos en 1986, pero no forma parte de ellos.","Las islas Marshall reclaman la soberanía de la isla Wake, administrada por los Estados Unidos. Las islas Marshall firmaron un Tratado de Libre Asociación con los Estados Unidos en 1986, pero no forma parte de ellos.","Las islas Marshall reclaman la soberanía de la isla Wake, administrada por los Estados Unidos. Las islas Marshall firmaron un Tratado de Libre Asociación con los Estados Unidos en 1986, pero no forma parte de ellos.",
República de Mauricio (Mauricio),República de Mauricio (Mauricio),República parlamentaria,Port Louis,África,Miembro (1968),Reconocida,
República de Mauricio (Mauricio),República de Mauricio (Mauricio),"Mauricio reclama la soberanía del archipiélago de Chagos, administrado por el Reino Unido, y de la isla Tromelin, en manos francesas.","Mauricio reclama la soberanía del archipiélago de Chagos, administrado por el Reino Unido, y de la isla Tromelin, en manos francesas.","Mauricio reclama la soberanía del archipiélago de Chagos, administrado por el Reino Unido, y de la isla Tromelin, en manos francesas.","Mauricio reclama la soberanía del archipiélago de Chagos, administrado por el Reino Unido, y de la isla Tromelin, en manos francesas.","Mauricio reclama la soberanía del archipiélago de Chagos, administrado por el Reino Unido, y de la isla Tromelin, en manos francesas.",
República Islámica de Mauritania (Mauritania),República Islámica de Mauritania (Mauritania),República islámica semipresidencialista,Nuakchot,África,Miembro (1961),Reconocida,
República Islámica de Mauritania (Mauritania),República Islámica de Mauritania (Mauritania),-,-,-,-,-,
Estados Unidos Mexicanos (México),Estados Unidos Mexicanos (México),República federal presidencialista,Ciudad de México,América,Miembro (1945),Reconocida,
Estados Unidos Mexicanos (México),Estados Unidos Mexicanos (México),México es un estado federal compuesto por 31 estados y la Ciudad de México.,México es un estado federal compuesto por 31 estados y la Ciudad de México.,México es un estado federal compuesto por 31 estados y la Ciudad de México.,México es un estado federal compuesto por 31 estados y la Ciudad de México.,México es un estado federal compuesto por 31 estados y la Ciudad de México.,
Estados Federados de Micronesia (Micronesia),Estados Federados de Micronesia (Micronesia),República parlamentaria,Palikir,Oceanía,Miembro (1991),Reconocida,
Estados Federados de Micronesia (Micronesia),Estados Federados de Micronesia (Micronesia),"Micronesia está formada por una federación de 4 estados insulares. Los Estados Federados de Micronesia firmaron un Tratado de Libre Asociación con los Estados Unidos en 1986, pero no forman parte de ellos.","Micronesia está formada por una federación de 4 estados insulares. Los Estados Federados de Micronesia firmaron un Tratado de Libre Asociación con los Estados Unidos en 1986, pero no forman parte de ellos.","Micronesia está formada por una federación de 4 estados insulares. Los Estados Federados de Micronesia firmaron un Tratado de Libre Asociación con los Estados Unidos en 1986, pero no forman parte de ellos.","Micronesia está formada por una federación de 4 estados insulares. Los Estados Federados de Micronesia firmaron un Tratado de Libre Asociación con los Estados Unidos en 1986, pero no forman parte de ellos.","Micronesia está formada por una federación de 4 estados insulares. Los Estados Federados de Micronesia firmaron un Tratado de Libre Asociación con los Estados Unidos en 1986, pero no forman parte de ellos.",
República de Moldavia (Moldavia),República de Moldavia (Moldavia),República parlamentaria,Chisináu,Europa,Miembro (1992),Reconocida,
República de Moldavia (Moldavia),República de Moldavia (Moldavia),"Moldavia declaró su independencia con las mismas fronteras que la anterior República Socialista Soviética de Moldavia en 1991. Sin embargo, una franja del territorio reconocido internacionalmente como moldavo, situado en la orilla oriental del río Dniéster, está bajo el control de facto del Gobierno separatista de Transnistria desde 1992.","Moldavia declaró su independencia con las mismas fronteras que la anterior República Socialista Soviética de Moldavia en 1991. Sin embargo, una franja del territorio reconocido internacionalmente como moldavo, situado en la orilla oriental del río Dniéster, está bajo el control de facto del Gobierno separatista de Transnistria desde 1992.","Moldavia declaró su independencia con las mismas fronteras que la anterior República Socialista Soviética de Moldavia en 1991. Sin embargo, una franja del territorio reconocido internacionalmente como moldavo, situado en la orilla oriental del río Dniéster, está bajo el control de facto del Gobierno separatista de Transnistria desde 1992.","Moldavia declaró su independencia con las mismas fronteras que la anterior República Socialista Soviética de Moldavia en 1991. Sin embargo, una franja del territorio reconocido internacionalmente como moldavo, situado en la orilla oriental del río Dniéster, está bajo el control de facto del Gobierno separatista de Transnistria desde 1992.","Moldavia declaró su independencia con las mismas fronteras que la anterior República Socialista Soviética de Moldavia en 1991. Sin embargo, una franja del territorio reconocido internacionalmente como moldavo, situado en la orilla oriental del río Dniéster, está bajo el control de facto del Gobierno separatista de Transnistria desde 1992.",
Principado de Mónaco (Mónaco),Principado de Mónaco (Mónaco),Monarquía constitucional,Mónaco-Ville,Europa,Miembro (1993),Reconocida,
Principado de Mónaco (Mónaco),Principado de Mónaco (Mónaco),-,-,-,-,-,
Mongolia (Mongolia),Mongolia (Mongolia),República semipresidencialista,Ulán Bator,Asia,Miembro (1961),Reconocida,
Mongolia (Mongolia),Mongolia (Mongolia),-,-,-,-,-,
República de Montenegro (Montenegro),República de Montenegro (Montenegro),República parlamentaria,Podgorica,Europa,Miembro (2006),Reconocida,
República de Montenegro (Montenegro),República de Montenegro (Montenegro),-,-,-,-,-,
República de Mozambique (Mozambique),República de Mozambique (Mozambique),República semipresidencialista,Maputo,África,Miembro (1975),Reconocida,
República de Mozambique (Mozambique),República de Mozambique (Mozambique),-,-,-,-,-,
República de Namibia (Namibia),República de Namibia (Namibia),República semipresidencialista,Windhoek,África,Miembro (1990),Reconocida,
República de Namibia (Namibia),República de Namibia (Namibia),"Namibia mantiene una disputa territorial con la República de Sudáfrica por la frontera del río Orange. Namibia reclama que la frontera está en mitad del río, mientras que Sudáfrica mantiene que en la orilla norte.","Namibia mantiene una disputa territorial con la República de Sudáfrica por la frontera del río Orange. Namibia reclama que la frontera está en mitad del río, mientras que Sudáfrica mantiene que en la orilla norte.","Namibia mantiene una disputa territorial con la República de Sudáfrica por la frontera del río Orange. Namibia reclama que la frontera está en mitad del río, mientras que Sudáfrica mantiene que en la orilla norte.","Namibia mantiene una disputa territorial con la República de Sudáfrica por la frontera del río Orange. Namibia reclama que la frontera está en mitad del río, mientras que Sudáfrica mantiene que en la orilla norte.","Namibia mantiene una disputa territorial con la República de Sudáfrica por la frontera del río Orange. Namibia reclama que la frontera está en mitad del río, mientras que Sudáfrica mantiene que en la orilla norte.",
República de Nauru (Nauru),República de Nauru (Nauru),República parlamentaria,Yaren[21]​,Oceanía,Miembro (1999),Reconocida,
República de Nauru (Nauru),República de Nauru (Nauru),-,-,-,-,-,
República Federal Democrática de Nepal (Nepal),República Federal Democrática de Nepal (Nepal),República parlamentaria,Katmandú,Asia,Miembro (1955),Reconocida,
República Federal Democrática de Nepal (Nepal),República Federal Democrática de Nepal (Nepal),Nepal es un estado federal dividido en 7 provincias.,Nepal es un estado federal dividido en 7 provincias.,Nepal es un estado federal dividido en 7 provincias.,Nepal es un estado federal dividido en 7 provincias.,Nepal es un estado federal dividido en 7 provincias.,
República de Nicaragua (Nicaragua),República de Nicaragua (Nicaragua),República presidencialista,Managua,América,Miembro (1945),Reconocida,
República de Nicaragua (Nicaragua),República de Nicaragua (Nicaragua),Nicaragua mantiene un litigio por isla Calero con Costa Rica.,Nicaragua mantiene un litigio por isla Calero con Costa Rica.,Nicaragua mantiene un litigio por isla Calero con Costa Rica.,Nicaragua mantiene un litigio por isla Calero con Costa Rica.,Nicaragua mantiene un litigio por isla Calero con Costa Rica.,
República del Níger (Níger),República del Níger (Níger),República semipresidencialista (bajo junta militar),Niamey,África,Miembro (1960),Reconocida,
República del Níger (Níger),República del Níger (Níger),-,-,-,-,-,
República Federal de Nigeria (Nigeria),República Federal de Nigeria (Nigeria),República presidencialista,Abuya,África,Miembro (1960),Reconocida,
República Federal de Nigeria (Nigeria),República Federal de Nigeria (Nigeria),-,-,-,-,-,
Reino de Noruega (Noruega),Reino de Noruega (Noruega),Monarquía parlamentaria,Oslo,Europa,Miembro (1945),Reconocida,
Reino de Noruega (Noruega),Reino de Noruega (Noruega),Noruega administra varios territorios que están integrados: Jan Mayen y Svalbard. Además controla un territorio no incorporado: Isla Bouvet. Noruega reclama territorios antárticos: Tierra de la Reina Maud (1939) y la Isla Pedro I (1931),Noruega administra varios territorios que están integrados: Jan Mayen y Svalbard. Además controla un territorio no incorporado: Isla Bouvet. Noruega reclama territorios antárticos: Tierra de la Reina Maud (1939) y la Isla Pedro I (1931),Noruega administra varios territorios que están integrados: Jan Mayen y Svalbard. Además controla un territorio no incorporado: Isla Bouvet. Noruega reclama territorios antárticos: Tierra de la Reina Maud (1939) y la Isla Pedro I (1931),Noruega administra varios territorios que están integrados: Jan Mayen y Svalbard. Además controla un territorio no incorporado: Isla Bouvet. Noruega reclama territorios antárticos: Tierra de la Reina Maud (1939) y la Isla Pedro I (1931),Noruega administra varios territorios que están integrados: Jan Mayen y Svalbard. Además controla un territorio no incorporado: Isla Bouvet. Noruega reclama territorios antárticos: Tierra de la Reina Maud (1939) y la Isla Pedro I (1931),
Nueva Zelanda (Nueva Zelanda),Nueva Zelanda (Nueva Zelanda),Monarquía constitucional,Wellington,Oceanía,Miembro (1945),Reconocida,
Nueva Zelanda (Nueva Zelanda),Nueva Zelanda (Nueva Zelanda),"Nueva Zelanda es una monarquía en la Mancomunidad de Naciones, siendo su jefe de Estado el monarca británico. Nueva Zelanda administra cuatro territorios, dos como Estados libres asociados a Nueva Zelanda, un territorio dependiente y un territorio especial: Islas Cook, Niue, Tokelau (cesión del Reino Unido a Nueva Zelanda en 1948, no reconocida por las Naciones Unidas) y Islas Chatham. Nueva Zelanda reclama territorio antártico: Dependencia Ross (1923)","Nueva Zelanda es una monarquía en la Mancomunidad de Naciones, siendo su jefe de Estado el monarca británico. Nueva Zelanda administra cuatro territorios, dos como Estados libres asociados a Nueva Zelanda, un territorio dependiente y un territorio especial: Islas Cook, Niue, Tokelau (cesión del Reino Unido a Nueva Zelanda en 1948, no reconocida por las Naciones Unidas) y Islas Chatham. Nueva Zelanda reclama territorio antártico: Dependencia Ross (1923)","Nueva Zelanda es una monarquía en la Mancomunidad de Naciones, siendo su jefe de Estado el monarca británico. Nueva Zelanda administra cuatro territorios, dos como Estados libres asociados a Nueva Zelanda, un territorio dependiente y un territorio especial: Islas Cook, Niue, Tokelau (cesión del Reino Unido a Nueva Zelanda en 1948, no reconocida por las Naciones Unidas) y Islas Chatham. Nueva Zelanda reclama territorio antártico: Dependencia Ross (1923)","Nueva Zelanda es una monarquía en la Mancomunidad de Naciones, siendo su jefe de Estado el monarca británico. Nueva Zelanda administra cuatro territorios, dos como Estados libres asociados a Nueva Zelanda, un territorio dependiente y un territorio especial: Islas Cook, Niue, Tokelau (cesión del Reino Unido a Nueva Zelanda en 1948, no reconocida por las Naciones Unidas) y Islas Chatham. Nueva Zelanda reclama territorio antártico: Dependencia Ross (1923)","Nueva Zelanda es una monarquía en la Mancomunidad de Naciones, siendo su jefe de Estado el monarca británico. Nueva Zelanda administra cuatro territorios, dos como Estados libres asociados a Nueva Zelanda, un territorio dependiente y un territorio especial: Islas Cook, Niue, Tokelau (cesión del Reino Unido a Nueva Zelanda en 1948, no reconocida por las Naciones Unidas) y Islas Chatham. Nueva Zelanda reclama territorio antártico: Dependencia Ross (1923)",
Sultanato de Omán (Omán),Sultanato de Omán (Omán),Monarquía absoluta,Mascate,Asia,Miembro (1971),Reconocida,
Sultanato de Omán (Omán),Sultanato de Omán (Omán),-,-,-,-,-,
Reino de los Países Bajos (Países Bajos),Reino de los Países Bajos (Países Bajos),Monarquía parlamentaria,Ámsterdam[22]​,Europa,Miembro (1945),Reconocida,
Reino de los Países Bajos (Países Bajos),Reino de los Países Bajos (Países Bajos),"Estado miembro de la Unión Europea. El Reino de los Países Bajos está compuesto por cuatro países constituyentes: Países Bajos, está compuesto por 12 provincias en Europa y 3 municipios especiales en el Caribe ( Saba, Bonaire y San Eustaquio), Aruba, Curazao y San Martín. Solo los territorios en Europa pertenecen a la Unión Europea.","Estado miembro de la Unión Europea. El Reino de los Países Bajos está compuesto por cuatro países constituyentes: Países Bajos, está compuesto por 12 provincias en Europa y 3 municipios especiales en el Caribe ( Saba, Bonaire y San Eustaquio), Aruba, Curazao y San Martín. Solo los territorios en Europa pertenecen a la Unión Europea.","Estado miembro de la Unión Europea. El Reino de los Países Bajos está compuesto por cuatro países constituyentes: Países Bajos, está compuesto por 12 provincias en Europa y 3 municipios especiales en el Caribe ( Saba, Bonaire y San Eustaquio), Aruba, Curazao y San Martín. Solo los territorios en Europa pertenecen a la Unión Europea.","Estado miembro de la Unión Europea. El Reino de los Países Bajos está compuesto por cuatro países constituyentes: Países Bajos, está compuesto por 12 provincias en Europa y 3 municipios especiales en el Caribe ( Saba, Bonaire y San Eustaquio), Aruba, Curazao y San Martín. Solo los territorios en Europa pertenecen a la Unión Europea.","Estado miembro de la Unión Europea. El Reino de los Países Bajos está compuesto por cuatro países constituyentes: Países Bajos, está compuesto por 12 provincias en Europa y 3 municipios especiales en el Caribe ( Saba, Bonaire y San Eustaquio), Aruba, Curazao y San Martín. Solo los territorios en Europa pertenecen a la Unión Europea.",
República Islámica de Pakistán (Pakistán),República Islámica de Pakistán (Pakistán),República islámica parlamentaria,Islamabad,Asia,Miembro (1947),Reconocida,
República Islámica de Pakistán (Pakistán),República Islámica de Pakistán (Pakistán),"Pakistán mantiene una disputa territorial con la India y la República Popular China con base en el Conflicto de Cachemira (desde 1947). Pakistán se opone a la anexión del estado de Jammu y Cachemira (Jammu, Cachemira y Ladakh y el glaciar de Siachen) a la India. Aksai Chin y el Valle Shaksgam, controladas por la República Popular China, esta última cedida por Pakistán en 1963 tras alcanzar un acuerdo no reconocido por la India. Frente a la postura india, la posición oficial del Pakistán es que Cachemira es un territorio en disputa cuyo estatus definitivo solo puede ser determinado por el pueblo de Cachemira. Pakistán controla dos regiones en Cachemira con carácter autónomo y reclamadas por la India: Gilgit-Baltistán y Azad Cachemira","Pakistán mantiene una disputa territorial con la India y la República Popular China con base en el Conflicto de Cachemira (desde 1947). Pakistán se opone a la anexión del estado de Jammu y Cachemira (Jammu, Cachemira y Ladakh y el glaciar de Siachen) a la India. Aksai Chin y el Valle Shaksgam, controladas por la República Popular China, esta última cedida por Pakistán en 1963 tras alcanzar un acuerdo no reconocido por la India. Frente a la postura india, la posición oficial del Pakistán es que Cachemira es un territorio en disputa cuyo estatus definitivo solo puede ser determinado por el pueblo de Cachemira. Pakistán controla dos regiones en Cachemira con carácter autónomo y reclamadas por la India: Gilgit-Baltistán y Azad Cachemira","Pakistán mantiene una disputa territorial con la India y la República Popular China con base en el Conflicto de Cachemira (desde 1947). Pakistán se opone a la anexión del estado de Jammu y Cachemira (Jammu, Cachemira y Ladakh y el glaciar de Siachen) a la India. Aksai Chin y el Valle Shaksgam, controladas por la República Popular China, esta última cedida por Pakistán en 1963 tras alcanzar un acuerdo no reconocido por la India. Frente a la postura india, la posición oficial del Pakistán es que Cachemira es un territorio en disputa cuyo estatus definitivo solo puede ser determinado por el pueblo de Cachemira. Pakistán controla dos regiones en Cachemira con carácter autónomo y reclamadas por la India: Gilgit-Baltistán y Azad Cachemira","Pakistán mantiene una disputa territorial con la India y la República Popular China con base en el Conflicto de Cachemira (desde 1947). Pakistán se opone a la anexión del estado de Jammu y Cachemira (Jammu, Cachemira y Ladakh y el glaciar de Siachen) a la India. Aksai Chin y el Valle Shaksgam, controladas por la República Popular China, esta última cedida por Pakistán en 1963 tras alcanzar un acuerdo no reconocido por la India. Frente a la postura india, la posición oficial del Pakistán es que Cachemira es un territorio en disputa cuyo estatus definitivo solo puede ser determinado por el pueblo de Cachemira. Pakistán controla dos regiones en Cachemira con carácter autónomo y reclamadas por la India: Gilgit-Baltistán y Azad Cachemira","Pakistán mantiene una disputa territorial con la India y la República Popular China con base en el Conflicto de Cachemira (desde 1947). Pakistán se opone a la anexión del estado de Jammu y Cachemira (Jammu, Cachemira y Ladakh y el glaciar de Siachen) a la India. Aksai Chin y el Valle Shaksgam, controladas por la República Popular China, esta última cedida por Pakistán en 1963 tras alcanzar un acuerdo no reconocido por la India. Frente a la postura india, la posición oficial del Pakistán es que Cachemira es un territorio en disputa cuyo estatus definitivo solo puede ser determinado por el pueblo de Cachemira. Pakistán controla dos regiones en Cachemira con carácter autónomo y reclamadas por la India: Gilgit-Baltistán y Azad Cachemira",
República de Palaos (Palaos),República de Palaos (Palaos),República presidencialista,Ngerulmud,Oceanía,Miembro (1994),Reconocida,
República de Palaos (Palaos),República de Palaos (Palaos),"Palaos firmó un Tratado de Libre Asociación con los Estados Unidos en 1994, pero no forma parte de ellos.","Palaos firmó un Tratado de Libre Asociación con los Estados Unidos en 1994, pero no forma parte de ellos.","Palaos firmó un Tratado de Libre Asociación con los Estados Unidos en 1994, pero no forma parte de ellos.","Palaos firmó un Tratado de Libre Asociación con los Estados Unidos en 1994, pero no forma parte de ellos.","Palaos firmó un Tratado de Libre Asociación con los Estados Unidos en 1994, pero no forma parte de ellos.",
Palestina (Palestina),Palestina (Palestina),República semipresidencialista,oficial: Jerusalén Este[23]​[24]​ de facto: Ramala[25]​,Asia,Estado observador no miembro (2012).[26]​,Parcialmente no reconocida. Disputado por Israel.,
Palestina (Palestina),Palestina (Palestina),"Como consecuencia del conflicto árabe-israelí su soberanía esta discutida. Desde 1988, cuando se produjo la declaración de independencia de Palestina hasta la actualidad, son 155 países miembros de la ONU los que reconocen a Palestina, más dos Estados no miembros de la ONU: la República Árabe Saharaui Democrática y la Santa Sede. En 1974 las Naciones Unidas concedieron a la OLP el estatus de representante del pueblo palestino, y en 1988 el carácter de miembro no estatal observador. Con motivo de los Acuerdos de Oslo (1994), Israel y la OLP acordaron la creación de la Autoridad Nacional Palestina (gobierno transitorio) con la cesión de la Franja de Gaza y las zonas A (militar y civil) y las zonas B (solo civil) de Cisjordania. La Autoridad Nacional Palestina únicamente ejerce funciones administrativas y no militares. En 2007 perdió el control de la Franja de Gaza, que es controlada de facto por Hamás sin reconocimiento internacional. En 2011, la Autoridad Nacional Palestina solicitó el ingreso a la ONU e ingresó en la Unesco como miembro de pleno derecho. Finalmente, en 2012, la ONU reconoció a Palestina en sus relaciones institucionales al concederle el estatus de Estado observador no miembro. No debe confundirse el Palestina con la región de Palestina, ya que se trata de territorios distintos. La Autoridad Nacional Palestina reclama como territorio de Palestina a los territorios de Cisjordania, Jerusalén Este y la Franja de Gaza.","Como consecuencia del conflicto árabe-israelí su soberanía esta discutida. Desde 1988, cuando se produjo la declaración de independencia de Palestina hasta la actualidad, son 155 países miembros de la ONU los que reconocen a Palestina, más dos Estados no miembros de la ONU: la República Árabe Saharaui Democrática y la Santa Sede. En 1974 las Naciones Unidas concedieron a la OLP el estatus de representante del pueblo palestino, y en 1988 el carácter de miembro no estatal observador. Con motivo de los Acuerdos de Oslo (1994), Israel y la OLP acordaron la creación de la Autoridad Nacional Palestina (gobierno transitorio) con la cesión de la Franja de Gaza y las zonas A (militar y civil) y las zonas B (solo civil) de Cisjordania. La Autoridad Nacional Palestina únicamente ejerce funciones administrativas y no militares. En 2007 perdió el control de la Franja de Gaza, que es controlada de facto por Hamás sin reconocimiento internacional. En 2011, la Autoridad Nacional Palestina solicitó el ingreso a la ONU e ingresó en la Unesco como miembro de pleno derecho. Finalmente, en 2012, la ONU reconoció a Palestina en sus relaciones institucionales al concederle el estatus de Estado observador no miembro. No debe confundirse el Palestina con la región de Palestina, ya que se trata de territorios distintos. La Autoridad Nacional Palestina reclama como territorio de Palestina a los territorios de Cisjordania, Jerusalén Este y la Franja de Gaza.","Como consecuencia del conflicto árabe-israelí su soberanía esta discutida. Desde 1988, cuando se produjo la declaración de independencia de Palestina hasta la actualidad, son 155 países miembros de la ONU los que reconocen a Palestina, más dos Estados no miembros de la ONU: la República Árabe Saharaui Democrática y la Santa Sede. En 1974 las Naciones Unidas concedieron a la OLP el estatus de representante del pueblo palestino, y en 1988 el carácter de miembro no estatal observador. Con motivo de los Acuerdos de Oslo (1994), Israel y la OLP acordaron la creación de la Autoridad Nacional Palestina (gobierno transitorio) con la cesión de la Franja de Gaza y las zonas A (militar y civil) y las zonas B (solo civil) de Cisjordania. La Autoridad Nacional Palestina únicamente ejerce funciones administrativas y no militares. En 2007 perdió el control de la Franja de Gaza, que es controlada de facto por Hamás sin reconocimiento internacional. En 2011, la Autoridad Nacional Palestina solicitó el ingreso a la ONU e ingresó en la Unesco como miembro de pleno derecho. Finalmente, en 2012, la ONU reconoció a Palestina en sus relaciones institucionales al concederle el estatus de Estado observador no miembro. No debe confundirse el Palestina con la región de Palestina, ya que se trata de territorios distintos. La Autoridad Nacional Palestina reclama como territorio de Palestina a los territorios de Cisjordania, Jerusalén Este y la Franja de Gaza.","Como consecuencia del conflicto árabe-israelí su soberanía esta discutida. Desde 1988, cuando se produjo la declaración de independencia de Palestina hasta la actualidad, son 155 países miembros de la ONU los que reconocen a Palestina, más dos Estados no miembros de la ONU: la República Árabe Saharaui Democrática y la Santa Sede. En 1974 las Naciones Unidas concedieron a la OLP el estatus de representante del pueblo palestino, y en 1988 el carácter de miembro no estatal observador. Con motivo de los Acuerdos de Oslo (1994), Israel y la OLP acordaron la creación de la Autoridad Nacional Palestina (gobierno transitorio) con la cesión de la Franja de Gaza y las zonas A (militar y civil) y las zonas B (solo civil) de Cisjordania. La Autoridad Nacional Palestina únicamente ejerce funciones administrativas y no militares. En 2007 perdió el control de la Franja de Gaza, que es controlada de facto por Hamás sin reconocimiento internacional. En 2011, la Autoridad Nacional Palestina solicitó el ingreso a la ONU e ingresó en la Unesco como miembro de pleno derecho. Finalmente, en 2012, la ONU reconoció a Palestina en sus relaciones institucionales al concederle el estatus de Estado observador no miembro. No debe confundirse el Palestina con la región de Palestina, ya que se trata de territorios distintos. La Autoridad Nacional Palestina reclama como territorio de Palestina a los territorios de Cisjordania, Jerusalén Este y la Franja de Gaza.","Como consecuencia del conflicto árabe-israelí su soberanía esta discutida. Desde 1988, cuando se produjo la declaración de independencia de Palestina hasta la actualidad, son 155 países miembros de la ONU los que reconocen a Palestina, más dos Estados no miembros de la ONU: la República Árabe Saharaui Democrática y la Santa Sede. En 1974 las Naciones Unidas concedieron a la OLP el estatus de representante del pueblo palestino, y en 1988 el carácter de miembro no estatal observador. Con motivo de los Acuerdos de Oslo (1994), Israel y la OLP acordaron la creación de la Autoridad Nacional Palestina (gobierno transitorio) con la cesión de la Franja de Gaza y las zonas A (militar y civil) y las zonas B (solo civil) de Cisjordania. La Autoridad Nacional Palestina únicamente ejerce funciones administrativas y no militares. En 2007 perdió el control de la Franja de Gaza, que es controlada de facto por Hamás sin reconocimiento internacional. En 2011, la Autoridad Nacional Palestina solicitó el ingreso a la ONU e ingresó en la Unesco como miembro de pleno derecho. Finalmente, en 2012, la ONU reconoció a Palestina en sus relaciones institucionales al concederle el estatus de Estado observador no miembro. No debe confundirse el Palestina con la región de Palestina, ya que se trata de territorios distintos. La Autoridad Nacional Palestina reclama como territorio de Palestina a los territorios de Cisjordania, Jerusalén Este y la Franja de Gaza.",
República de Panamá (Panamá),República de Panamá (Panamá),República presidencialista,Ciudad de Panamá,América,Miembro (1945),Reconocida,
República de Panamá (Panamá),República de Panamá (Panamá),-,-,-,-,-,
Estado Independiente de Papúa Nueva Guinea (Papúa Nueva Guinea),Estado Independiente de Papúa Nueva Guinea (Papúa Nueva Guinea),Monarquía constitucional,Puerto Moresby,Oceanía,Miembro (1975),Reconocida,
Estado Independiente de Papúa Nueva Guinea (Papúa Nueva Guinea),Estado Independiente de Papúa Nueva Guinea (Papúa Nueva Guinea),"Papúa Nueva Guinea es una monarquía en la Mancomunidad de Naciones, siendo su jefe de Estado el monarca británico.","Papúa Nueva Guinea es una monarquía en la Mancomunidad de Naciones, siendo su jefe de Estado el monarca británico.","Papúa Nueva Guinea es una monarquía en la Mancomunidad de Naciones, siendo su jefe de Estado el monarca británico.","Papúa Nueva Guinea es una monarquía en la Mancomunidad de Naciones, siendo su jefe de Estado el monarca británico.","Papúa Nueva Guinea es una monarquía en la Mancomunidad de Naciones, siendo su jefe de Estado el monarca británico.",
República del Paraguay (Paraguay),República del Paraguay (Paraguay),República presidencialista,Asunción,América,Miembro (1945),Reconocida,
República del Paraguay (Paraguay),República del Paraguay (Paraguay),-,-,-,-,-,
República del Perú (Perú),República del Perú (Perú),República presidencialista,Lima[27]​,América,Miembro (1945),Reconocida,
República del Perú (Perú),República del Perú (Perú),-,-,-,-,-,
República de Polonia (Polonia),República de Polonia (Polonia),República parlamentaria,Varsovia,Europa,Miembro (1945),Reconocida,
República de Polonia (Polonia),República de Polonia (Polonia),Estado miembro de la Unión Europea.,Estado miembro de la Unión Europea.,Estado miembro de la Unión Europea.,Estado miembro de la Unión Europea.,Estado miembro de la Unión Europea.,
República Portuguesa (Portugal),República Portuguesa (Portugal),República semipresidencialista,Lisboa,Europa,Miembro (1955),Reconocida,
República Portuguesa (Portugal),República Portuguesa (Portugal),"Estado miembro de la Unión Europea. Portugal no reconoce desde 1815 la anexión española de las plazas de Olivenza y Tágila (a raíz del Tratado de Badajoz que puso fin a la guerra de las Naranjas; es la llamada cuestión de Olivenza). Desde la muerte del duque de Palmela en 1850, Portugal no ha vuelto a reclamar a España ni oficial ni extraoficialmente la entrega de Olivenza.[28]​ En 1864 se delimitaron las fronteras hasta Olivenza, tras la negativa de Portugal de delimitar esa zona. En 1926 se continuaron los trabajos por debajo de Olivenza.","Estado miembro de la Unión Europea. Portugal no reconoce desde 1815 la anexión española de las plazas de Olivenza y Tágila (a raíz del Tratado de Badajoz que puso fin a la guerra de las Naranjas; es la llamada cuestión de Olivenza). Desde la muerte del duque de Palmela en 1850, Portugal no ha vuelto a reclamar a España ni oficial ni extraoficialmente la entrega de Olivenza.[28]​ En 1864 se delimitaron las fronteras hasta Olivenza, tras la negativa de Portugal de delimitar esa zona. En 1926 se continuaron los trabajos por debajo de Olivenza.","Estado miembro de la Unión Europea. Portugal no reconoce desde 1815 la anexión española de las plazas de Olivenza y Tágila (a raíz del Tratado de Badajoz que puso fin a la guerra de las Naranjas; es la llamada cuestión de Olivenza). Desde la muerte del duque de Palmela en 1850, Portugal no ha vuelto a reclamar a España ni oficial ni extraoficialmente la entrega de Olivenza.[28]​ En 1864 se delimitaron las fronteras hasta Olivenza, tras la negativa de Portugal de delimitar esa zona. En 1926 se continuaron los trabajos por debajo de Olivenza.","Estado miembro de la Unión Europea. Portugal no reconoce desde 1815 la anexión española de las plazas de Olivenza y Tágila (a raíz del Tratado de Badajoz que puso fin a la guerra de las Naranjas; es la llamada cuestión de Olivenza). Desde la muerte del duque de Palmela en 1850, Portugal no ha vuelto a reclamar a España ni oficial ni extraoficialmente la entrega de Olivenza.[28]​ En 1864 se delimitaron las fronteras hasta Olivenza, tras la negativa de Portugal de delimitar esa zona. En 1926 se continuaron los trabajos por debajo de Olivenza.","Estado miembro de la Unión Europea. Portugal no reconoce desde 1815 la anexión española de las plazas de Olivenza y Tágila (a raíz del Tratado de Badajoz que puso fin a la guerra de las Naranjas; es la llamada cuestión de Olivenza). Desde la muerte del duque de Palmela en 1850, Portugal no ha vuelto a reclamar a España ni oficial ni extraoficialmente la entrega de Olivenza.[28]​ En 1864 se delimitaron las fronteras hasta Olivenza, tras la negativa de Portugal de delimitar esa zona. En 1926 se continuaron los trabajos por debajo de Olivenza.",
Reino Unido de Gran Bretaña e Irlanda del Norte (Reino Unido),Reino Unido de Gran Bretaña e Irlanda del Norte (Reino Unido),Monarquía constitucional,Londres,Europa,Miembro (1945),Reconocida,
Reino Unido de Gran Bretaña e Irlanda del Norte (Reino Unido),Reino Unido de Gran Bretaña e Irlanda del Norte (Reino Unido),"El Reino Unido está formado por cuatro naciones constitutivas: Inglaterra, Escocia, Gales e Irlanda del Norte. Además administra varios territorios de ultramar: Akrotiri y Dhekelia (reclamadas por Chipre), Anguila, Bermudas, Islas Caimán, Islas Georgias del Sur y Sandwich del Sur (reclamadas por Argentina), Gibraltar (reclamada por España), Islas Malvinas (reclamadas por Argentina), Montserrat, Islas Pitcairn, Santa Elena, Ascensión y Tristán de Acuña, Territorio Británico del Océano Índico (reclamado por Mauricio), Islas Turcas y Caicos y Islas Vírgenes Británicas. Además administra territorios de los que es responsable el Reino Unido aunque no forman parte de él, ya que son posesiones autogobernadas de la Corona: Guernsey, Jersey y la Isla de Man. El Reino Unido reclama algunos territorios: Territorio Antártico Británico (1908), Lough Foyle (disputa con Irlanda) y Rockall (disputada con Islandia, Dinamarca a través de las Islas Feroe, e Irlanda)","El Reino Unido está formado por cuatro naciones constitutivas: Inglaterra, Escocia, Gales e Irlanda del Norte. Además administra varios territorios de ultramar: Akrotiri y Dhekelia (reclamadas por Chipre), Anguila, Bermudas, Islas Caimán, Islas Georgias del Sur y Sandwich del Sur (reclamadas por Argentina), Gibraltar (reclamada por España), Islas Malvinas (reclamadas por Argentina), Montserrat, Islas Pitcairn, Santa Elena, Ascensión y Tristán de Acuña, Territorio Británico del Océano Índico (reclamado por Mauricio), Islas Turcas y Caicos y Islas Vírgenes Británicas. Además administra territorios de los que es responsable el Reino Unido aunque no forman parte de él, ya que son posesiones autogobernadas de la Corona: Guernsey, Jersey y la Isla de Man. El Reino Unido reclama algunos territorios: Territorio Antártico Británico (1908), Lough Foyle (disputa con Irlanda) y Rockall (disputada con Islandia, Dinamarca a través de las Islas Feroe, e Irlanda)","El Reino Unido está formado por cuatro naciones constitutivas: Inglaterra, Escocia, Gales e Irlanda del Norte. Además administra varios territorios de ultramar: Akrotiri y Dhekelia (reclamadas por Chipre), Anguila, Bermudas, Islas Caimán, Islas Georgias del Sur y Sandwich del Sur (reclamadas por Argentina), Gibraltar (reclamada por España), Islas Malvinas (reclamadas por Argentina), Montserrat, Islas Pitcairn, Santa Elena, Ascensión y Tristán de Acuña, Territorio Británico del Océano Índico (reclamado por Mauricio), Islas Turcas y Caicos y Islas Vírgenes Británicas. Además administra territorios de los que es responsable el Reino Unido aunque no forman parte de él, ya que son posesiones autogobernadas de la Corona: Guernsey, Jersey y la Isla de Man. El Reino Unido reclama algunos territorios: Territorio Antártico Británico (1908), Lough Foyle (disputa con Irlanda) y Rockall (disputada con Islandia, Dinamarca a través de las Islas Feroe, e Irlanda)","El Reino Unido está formado por cuatro naciones constitutivas: Inglaterra, Escocia, Gales e Irlanda del Norte. Además administra varios territorios de ultramar: Akrotiri y Dhekelia (reclamadas por Chipre), Anguila, Bermudas, Islas Caimán, Islas Georgias del Sur y Sandwich del Sur (reclamadas por Argentina), Gibraltar (reclamada por España), Islas Malvinas (reclamadas por Argentina), Montserrat, Islas Pitcairn, Santa Elena, Ascensión y Tristán de Acuña, Territorio Británico del Océano Índico (reclamado por Mauricio), Islas Turcas y Caicos y Islas Vírgenes Británicas. Además administra territorios de los que es responsable el Reino Unido aunque no forman parte de él, ya que son posesiones autogobernadas de la Corona: Guernsey, Jersey y la Isla de Man. El Reino Unido reclama algunos territorios: Territorio Antártico Británico (1908), Lough Foyle (disputa con Irlanda) y Rockall (disputada con Islandia, Dinamarca a través de las Islas Feroe, e Irlanda)","El Reino Unido está formado por cuatro naciones constitutivas: Inglaterra, Escocia, Gales e Irlanda del Norte. Además administra varios territorios de ultramar: Akrotiri y Dhekelia (reclamadas por Chipre), Anguila, Bermudas, Islas Caimán, Islas Georgias del Sur y Sandwich del Sur (reclamadas por Argentina), Gibraltar (reclamada por España), Islas Malvinas (reclamadas por Argentina), Montserrat, Islas Pitcairn, Santa Elena, Ascensión y Tristán de Acuña, Territorio Británico del Océano Índico (reclamado por Mauricio), Islas Turcas y Caicos y Islas Vírgenes Británicas. Además administra territorios de los que es responsable el Reino Unido aunque no forman parte de él, ya que son posesiones autogobernadas de la Corona: Guernsey, Jersey y la Isla de Man. El Reino Unido reclama algunos territorios: Territorio Antártico Británico (1908), Lough Foyle (disputa con Irlanda) y Rockall (disputada con Islandia, Dinamarca a través de las Islas Feroe, e Irlanda)",
República de Ruanda (Ruanda),República de Ruanda (Ruanda),República presidencialista,Kigali,África,Miembro (1962),Reconocida,
República de Ruanda (Ruanda),República de Ruanda (Ruanda),-,-,-,-,-,
Rumania (Rumania/Rumanía),Rumania (Rumania/Rumanía),República semipresidencialista,Bucarest,Europa,Miembro (1955),Reconocida,
Rumania (Rumania/Rumanía),Rumania (Rumania/Rumanía),Estado miembro de la Unión Europea.,Estado miembro de la Unión Europea.,Estado miembro de la Unión Europea.,Estado miembro de la Unión Europea.,Estado miembro de la Unión Europea.,
Federación de Rusia (Rusia),Federación de Rusia (Rusia),República semipresidencialista,Moscú,Europa-Asia,Miembro (1945)[29]​,Reconocida,
Federación de Rusia (Rusia),Federación de Rusia (Rusia),La Federación Rusa está compuesta de 85 sujetos federales. Rusia se ha anexionado las regiones ucranianas en Crimea (2014) y en el Dombás (2022) sin el reconocimiento internacional. Desde 2022 mantiene una guerra con Ucrania por esos territorios.,La Federación Rusa está compuesta de 85 sujetos federales. Rusia se ha anexionado las regiones ucranianas en Crimea (2014) y en el Dombás (2022) sin el reconocimiento internacional. Desde 2022 mantiene una guerra con Ucrania por esos territorios.,La Federación Rusa está compuesta de 85 sujetos federales. Rusia se ha anexionado las regiones ucranianas en Crimea (2014) y en el Dombás (2022) sin el reconocimiento internacional. Desde 2022 mantiene una guerra con Ucrania por esos territorios.,La Federación Rusa está compuesta de 85 sujetos federales. Rusia se ha anexionado las regiones ucranianas en Crimea (2014) y en el Dombás (2022) sin el reconocimiento internacional. Desde 2022 mantiene una guerra con Ucrania por esos territorios.,La Federación Rusa está compuesta de 85 sujetos federales. Rusia se ha anexionado las regiones ucranianas en Crimea (2014) y en el Dombás (2022) sin el reconocimiento internacional. Desde 2022 mantiene una guerra con Ucrania por esos territorios.,
Islas Salomón (Islas Salomón),Islas Salomón (Islas Salomón),Monarquía constitucional,Honiara,Oceanía,Miembro (1978),Reconocida,
Islas Salomón (Islas Salomón),Islas Salomón (Islas Salomón),"Las islas Salomón son una monarquía en la Mancomunidad de Naciones, siendo su jefe de Estado el monarca británico.","Las islas Salomón son una monarquía en la Mancomunidad de Naciones, siendo su jefe de Estado el monarca británico.","Las islas Salomón son una monarquía en la Mancomunidad de Naciones, siendo su jefe de Estado el monarca británico.","Las islas Salomón son una monarquía en la Mancomunidad de Naciones, siendo su jefe de Estado el monarca británico.","Las islas Salomón son una monarquía en la Mancomunidad de Naciones, siendo su jefe de Estado el monarca británico.",
Estado Independiente de Samoa (Samoa),Estado Independiente de Samoa (Samoa),República[30]​ parlamentaria,Apia,Oceanía,Miembro (1976),Reconocida,
Estado Independiente de Samoa (Samoa),Estado Independiente de Samoa (Samoa),-,-,-,-,-,
Federación de San Cristóbal y Nieves (San Cristóbal y Nieves),Federación de San Cristóbal y Nieves (San Cristóbal y Nieves),Monarquía constitucional,Basseterre,América,Miembro (1983),Reconocida,
Federación de San Cristóbal y Nieves (San Cristóbal y Nieves),Federación de San Cristóbal y Nieves (San Cristóbal y Nieves),"San Cristóbal y Nieves es una monarquía en la Mancomunidad de Naciones, siendo su jefe de Estado el monarca británico. San Cristóbal y Nieves es una federación de dos islas (de San Cristóbal y de Nieves)","San Cristóbal y Nieves es una monarquía en la Mancomunidad de Naciones, siendo su jefe de Estado el monarca británico. San Cristóbal y Nieves es una federación de dos islas (de San Cristóbal y de Nieves)","San Cristóbal y Nieves es una monarquía en la Mancomunidad de Naciones, siendo su jefe de Estado el monarca británico. San Cristóbal y Nieves es una federación de dos islas (de San Cristóbal y de Nieves)","San Cristóbal y Nieves es una monarquía en la Mancomunidad de Naciones, siendo su jefe de Estado el monarca británico. San Cristóbal y Nieves es una federación de dos islas (de San Cristóbal y de Nieves)","San Cristóbal y Nieves es una monarquía en la Mancomunidad de Naciones, siendo su jefe de Estado el monarca británico. San Cristóbal y Nieves es una federación de dos islas (de San Cristóbal y de Nieves)",
Serenísima República de San Marino (San Marino),Serenísima República de San Marino (San Marino),República parlamentaria,Ciudad de San Marino,Europa,Miembro (1992),Reconocida,
Serenísima República de San Marino (San Marino),Serenísima República de San Marino (San Marino),-,-,-,-,-,
San Vicente y las Granadinas (San Vicente y las Granadinas),San Vicente y las Granadinas (San Vicente y las Granadinas),Monarquía constitucional,Kingstown,América,Miembro (1980),Reconocida,
San Vicente y las Granadinas (San Vicente y las Granadinas),San Vicente y las Granadinas (San Vicente y las Granadinas),"San Vicente y las Granadinas es una monarquía en la Mancomunidad de Naciones, siendo su jefe de Estado el monarca británico.","San Vicente y las Granadinas es una monarquía en la Mancomunidad de Naciones, siendo su jefe de Estado el monarca británico.","San Vicente y las Granadinas es una monarquía en la Mancomunidad de Naciones, siendo su jefe de Estado el monarca británico.","San Vicente y las Granadinas es una monarquía en la Mancomunidad de Naciones, siendo su jefe de Estado el monarca británico.","San Vicente y las Granadinas es una monarquía en la Mancomunidad de Naciones, siendo su jefe de Estado el monarca británico.",
Santa Lucía,Santa Lucía,Monarquía constitucional,Castries,América,Miembro (1979),Reconocida,
Santa Lucía,Santa Lucía,"Santa Lucía es una monarquía en la Mancomunidad de Naciones, siendo su jefe de Estado el monarca británico.","Santa Lucía es una monarquía en la Mancomunidad de Naciones, siendo su jefe de Estado el monarca británico.","Santa Lucía es una monarquía en la Mancomunidad de Naciones, siendo su jefe de Estado el monarca británico.","Santa Lucía es una monarquía en la Mancomunidad de Naciones, siendo su jefe de Estado el monarca británico.","Santa Lucía es una monarquía en la Mancomunidad de Naciones, siendo su jefe de Estado el monarca británico.",
República Democrática de Santo Tomé y Príncipe (Santo Tomé y Príncipe),República Democrática de Santo Tomé y Príncipe (Santo Tomé y Príncipe),República semipresidencialista,Santo Tomé,África,Miembro (1975),Reconocida,
República Democrática de Santo Tomé y Príncipe (Santo Tomé y Príncipe),República Democrática de Santo Tomé y Príncipe (Santo Tomé y Príncipe),-,-,-,-,-,
República de Senegal (Senegal),República de Senegal (Senegal),República semipresidencialista,Dakar,África,Miembro (1960),Reconocida,
República de Senegal (Senegal),República de Senegal (Senegal),-,-,-,-,-,
República de Serbia (Serbia),República de Serbia (Serbia),República parlamentaria,Belgrado,Europa,Miembro (2000)[31]​,Reconocida,
República de Serbia (Serbia),República de Serbia (Serbia),"Serbia tiene dos provincias autónomas: Voivodina y la Provincia Autónoma de Kosovo y Metohija, esta última independiente de facto y autoproclamada como República de Kosovo sin reconocimiento por parte de Serbia ni de la ONU.","Serbia tiene dos provincias autónomas: Voivodina y la Provincia Autónoma de Kosovo y Metohija, esta última independiente de facto y autoproclamada como República de Kosovo sin reconocimiento por parte de Serbia ni de la ONU.","Serbia tiene dos provincias autónomas: Voivodina y la Provincia Autónoma de Kosovo y Metohija, esta última independiente de facto y autoproclamada como República de Kosovo sin reconocimiento por parte de Serbia ni de la ONU.","Serbia tiene dos provincias autónomas: Voivodina y la Provincia Autónoma de Kosovo y Metohija, esta última independiente de facto y autoproclamada como República de Kosovo sin reconocimiento por parte de Serbia ni de la ONU.","Serbia tiene dos provincias autónomas: Voivodina y la Provincia Autónoma de Kosovo y Metohija, esta última independiente de facto y autoproclamada como República de Kosovo sin reconocimiento por parte de Serbia ni de la ONU.",
República de las Seychelles (Seychelles),República de las Seychelles (Seychelles),República presidencialista,Victoria,África,Miembro (1976),Reconocida,
República de las Seychelles (Seychelles),República de las Seychelles (Seychelles),-,-,-,-,-,
República de Sierra Leona (Sierra Leona),República de Sierra Leona (Sierra Leona),República presidencialista,Freetown,África,Miembro (1961),Reconocida,
República de Sierra Leona (Sierra Leona),República de Sierra Leona (Sierra Leona),-,-,-,-,-,
República de Singapur (Singapur),República de Singapur (Singapur),República parlamentaria,Ciudad de Singapur,Asia,Miembro (1965),Reconocida,
República de Singapur (Singapur),República de Singapur (Singapur),-,-,-,-,-,
República Árabe Siria (Siria),República Árabe Siria (Siria),Gobierno provisional,Damasco,Asia,Miembro (1955)[11]​,Reconocida,
República Árabe Siria (Siria),República Árabe Siria (Siria),"El territorio sirio de los Altos del Golán fue ocupado por Israel en 1967 (durante la guerra de los Seis Días), que los controla y administra desde 1981, aunque formalmente no se los ha anexionado. La ONU emitió la Resolución 242, declarando los altos del Golán como territorio ocupado. En 1981, emitió la Resolución 497, que resuelve que «la decisión israelí de imponer sus leyes, su jurisdicción y su administración al territorio sirio ocupado de los altos del Golán es nula y sin valor y no tiene efecto alguno desde el punto de vista del derecho internacional.» Israel lo considera territorio en disputa.","El territorio sirio de los Altos del Golán fue ocupado por Israel en 1967 (durante la guerra de los Seis Días), que los controla y administra desde 1981, aunque formalmente no se los ha anexionado. La ONU emitió la Resolución 242, declarando los altos del Golán como territorio ocupado. En 1981, emitió la Resolución 497, que resuelve que «la decisión israelí de imponer sus leyes, su jurisdicción y su administración al territorio sirio ocupado de los altos del Golán es nula y sin valor y no tiene efecto alguno desde el punto de vista del derecho internacional.» Israel lo considera territorio en disputa.","El territorio sirio de los Altos del Golán fue ocupado por Israel en 1967 (durante la guerra de los Seis Días), que los controla y administra desde 1981, aunque formalmente no se los ha anexionado. La ONU emitió la Resolución 242, declarando los altos del Golán como territorio ocupado. En 1981, emitió la Resolución 497, que resuelve que «la decisión israelí de imponer sus leyes, su jurisdicción y su administración al territorio sirio ocupado de los altos del Golán es nula y sin valor y no tiene efecto alguno desde el punto de vista del derecho internacional.» Israel lo considera territorio en disputa.","El territorio sirio de los Altos del Golán fue ocupado por Israel en 1967 (durante la guerra de los Seis Días), que los controla y administra desde 1981, aunque formalmente no se los ha anexionado. La ONU emitió la Resolución 242, declarando los altos del Golán como territorio ocupado. En 1981, emitió la Resolución 497, que resuelve que «la decisión israelí de imponer sus leyes, su jurisdicción y su administración al territorio sirio ocupado de los altos del Golán es nula y sin valor y no tiene efecto alguno desde el punto de vista del derecho internacional.» Israel lo considera territorio en disputa.","El territorio sirio de los Altos del Golán fue ocupado por Israel en 1967 (durante la guerra de los Seis Días), que los controla y administra desde 1981, aunque formalmente no se los ha anexionado. La ONU emitió la Resolución 242, declarando los altos del Golán como territorio ocupado. En 1981, emitió la Resolución 497, que resuelve que «la decisión israelí de imponer sus leyes, su jurisdicción y su administración al territorio sirio ocupado de los altos del Golán es nula y sin valor y no tiene efecto alguno desde el punto de vista del derecho internacional.» Israel lo considera territorio en disputa.",
República Federal de Somalia (Somalia),República Federal de Somalia (Somalia),República parlamentaria,Mogadiscio,África,Miembro (1960),Reconocida,
República Federal de Somalia (Somalia),República Federal de Somalia (Somalia),"Somalia tiene dos regiones autoproclamadas autónomas: Galmudug y Puntlandia. Somalia, y ninguna nación, no reconocen la República de Somalilandia declarada independiente desde 1991.","Somalia tiene dos regiones autoproclamadas autónomas: Galmudug y Puntlandia. Somalia, y ninguna nación, no reconocen la República de Somalilandia declarada independiente desde 1991.","Somalia tiene dos regiones autoproclamadas autónomas: Galmudug y Puntlandia. Somalia, y ninguna nación, no reconocen la República de Somalilandia declarada independiente desde 1991.","Somalia tiene dos regiones autoproclamadas autónomas: Galmudug y Puntlandia. Somalia, y ninguna nación, no reconocen la República de Somalilandia declarada independiente desde 1991.","Somalia tiene dos regiones autoproclamadas autónomas: Galmudug y Puntlandia. Somalia, y ninguna nación, no reconocen la República de Somalilandia declarada independiente desde 1991.",
República Democrática Socialista de Sri Lanka (Sri Lanka),República Democrática Socialista de Sri Lanka (Sri Lanka),República semipresidencialista,Sri Jayawardenapura/Kotte[32]​,Asia,Miembro (1955),Reconocida,
República Democrática Socialista de Sri Lanka (Sri Lanka),República Democrática Socialista de Sri Lanka (Sri Lanka),-,-,-,-,-,
Reino de Suazilandia (Suazilandia/Esuatini),Reino de Suazilandia (Suazilandia/Esuatini),Monarquía absoluta,Mbabane[33]​,África,Miembro (1968),Reconocida,
Reino de Suazilandia (Suazilandia/Esuatini),Reino de Suazilandia (Suazilandia/Esuatini),-,-,-,-,-,
República de Sudáfrica (Sudáfrica),República de Sudáfrica (Sudáfrica),República parlamentaria,Pretoria (ejecutiva) Bloemfontein (judicial) Ciudad del Cabo (legislativa),África,Miembro (1945),Reconocida,
República de Sudáfrica (Sudáfrica),República de Sudáfrica (Sudáfrica),-,-,-,-,-,
República de Sudán (Sudán),República de Sudán (Sudán),República presidencialista (bajo junta militar),Jartum,África,Miembro (1956),Reconocida,
República de Sudán (Sudán),República de Sudán (Sudán),"Sudán reclama el triángulo de Hala'ib, que administra Egipto. Además, existe el territorio entre ambas naciones inhabitado, Bir Tawil, que no administra ninguno de los dos países. Sudán mantiene una disputa territorial en la frontera con Sudán del Sur por las regiones de Kafia Kingi, Heglig y Abyei.","Sudán reclama el triángulo de Hala'ib, que administra Egipto. Además, existe el territorio entre ambas naciones inhabitado, Bir Tawil, que no administra ninguno de los dos países. Sudán mantiene una disputa territorial en la frontera con Sudán del Sur por las regiones de Kafia Kingi, Heglig y Abyei.","Sudán reclama el triángulo de Hala'ib, que administra Egipto. Además, existe el territorio entre ambas naciones inhabitado, Bir Tawil, que no administra ninguno de los dos países. Sudán mantiene una disputa territorial en la frontera con Sudán del Sur por las regiones de Kafia Kingi, Heglig y Abyei.","Sudán reclama el triángulo de Hala'ib, que administra Egipto. Además, existe el territorio entre ambas naciones inhabitado, Bir Tawil, que no administra ninguno de los dos países. Sudán mantiene una disputa territorial en la frontera con Sudán del Sur por las regiones de Kafia Kingi, Heglig y Abyei.","Sudán reclama el triángulo de Hala'ib, que administra Egipto. Además, existe el territorio entre ambas naciones inhabitado, Bir Tawil, que no administra ninguno de los dos países. Sudán mantiene una disputa territorial en la frontera con Sudán del Sur por las regiones de Kafia Kingi, Heglig y Abyei.",
República de Sudán del Sur (Sudán del Sur),República de Sudán del Sur (Sudán del Sur),República presidencialista,Juba,África,Miembro (2011),Reconocida,
República de Sudán del Sur (Sudán del Sur),República de Sudán del Sur (Sudán del Sur),"Sudán del Sur mantiene una disputa territorial en la frontera con Sudán por las regiones de Kafia Kingi, Heglig y Abyei. Sudán del Sur reclama el triángulo de Ilemi, territorio disputado con Etiopía y Kenia, quien lo administra actualmente.","Sudán del Sur mantiene una disputa territorial en la frontera con Sudán por las regiones de Kafia Kingi, Heglig y Abyei. Sudán del Sur reclama el triángulo de Ilemi, territorio disputado con Etiopía y Kenia, quien lo administra actualmente.","Sudán del Sur mantiene una disputa territorial en la frontera con Sudán por las regiones de Kafia Kingi, Heglig y Abyei. Sudán del Sur reclama el triángulo de Ilemi, territorio disputado con Etiopía y Kenia, quien lo administra actualmente.","Sudán del Sur mantiene una disputa territorial en la frontera con Sudán por las regiones de Kafia Kingi, Heglig y Abyei. Sudán del Sur reclama el triángulo de Ilemi, territorio disputado con Etiopía y Kenia, quien lo administra actualmente.","Sudán del Sur mantiene una disputa territorial en la frontera con Sudán por las regiones de Kafia Kingi, Heglig y Abyei. Sudán del Sur reclama el triángulo de Ilemi, territorio disputado con Etiopía y Kenia, quien lo administra actualmente.",
Reino de Suecia (Suecia),Reino de Suecia (Suecia),Monarquía parlamentaria,Estocolmo,Europa,Miembro (1946),Reconocida,
Reino de Suecia (Suecia),Reino de Suecia (Suecia),Estado miembro de la Unión Europea.,Estado miembro de la Unión Europea.,Estado miembro de la Unión Europea.,Estado miembro de la Unión Europea.,Estado miembro de la Unión Europea.,
Confederación Suiza (Suiza),Confederación Suiza (Suiza),República parlamentaria,Berna,Europa,Miembro (2002),Reconocida,
Confederación Suiza (Suiza),Confederación Suiza (Suiza),-,-,-,-,-,
República de Surinam (Surinam),República de Surinam (Surinam),República parlamentaria,Paramaribo,América,Miembro (1975),Reconocida,
República de Surinam (Surinam),República de Surinam (Surinam),-,-,-,-,-,
Reino de Tailandia (Tailandia),Reino de Tailandia (Tailandia),Monarquía constitucional,Bangkok,Asia,Miembro (1946),Reconocida,
Reino de Tailandia (Tailandia),Reino de Tailandia (Tailandia),"Tailandia mantiene con Camboya una disputa fronteriza por el Templo Preah Vihear. Aunque en 2011 se retiraron ambos ejércitos, la situación no ha sido resuelta.","Tailandia mantiene con Camboya una disputa fronteriza por el Templo Preah Vihear. Aunque en 2011 se retiraron ambos ejércitos, la situación no ha sido resuelta.","Tailandia mantiene con Camboya una disputa fronteriza por el Templo Preah Vihear. Aunque en 2011 se retiraron ambos ejércitos, la situación no ha sido resuelta.","Tailandia mantiene con Camboya una disputa fronteriza por el Templo Preah Vihear. Aunque en 2011 se retiraron ambos ejércitos, la situación no ha sido resuelta.","Tailandia mantiene con Camboya una disputa fronteriza por el Templo Preah Vihear. Aunque en 2011 se retiraron ambos ejércitos, la situación no ha sido resuelta.",
República Unida de Tanzania (Tanzania),República Unida de Tanzania (Tanzania),República presidencialista,Dodoma[34]​,África,Miembro (1961)[35]​,Reconocida,
República Unida de Tanzania (Tanzania),República Unida de Tanzania (Tanzania),"Tanzania reclama a Malaui la soberanía sobre la mitad del lago Malaui, actualmente controlado por dicho país casi hasta la costa de Tanzania.","Tanzania reclama a Malaui la soberanía sobre la mitad del lago Malaui, actualmente controlado por dicho país casi hasta la costa de Tanzania.","Tanzania reclama a Malaui la soberanía sobre la mitad del lago Malaui, actualmente controlado por dicho país casi hasta la costa de Tanzania.","Tanzania reclama a Malaui la soberanía sobre la mitad del lago Malaui, actualmente controlado por dicho país casi hasta la costa de Tanzania.","Tanzania reclama a Malaui la soberanía sobre la mitad del lago Malaui, actualmente controlado por dicho país casi hasta la costa de Tanzania.",
República de Tayikistán (Tayikistán),República de Tayikistán (Tayikistán),República presidencialista,Dusambé,Asia,Miembro (1992),Reconocida,
República de Tayikistán (Tayikistán),República de Tayikistán (Tayikistán),Tayikistán mantienen conflictos fronterizos con Kirguistán que han provocado algunos estallidos de violencia (2021-2022),Tayikistán mantienen conflictos fronterizos con Kirguistán que han provocado algunos estallidos de violencia (2021-2022),Tayikistán mantienen conflictos fronterizos con Kirguistán que han provocado algunos estallidos de violencia (2021-2022),Tayikistán mantienen conflictos fronterizos con Kirguistán que han provocado algunos estallidos de violencia (2021-2022),Tayikistán mantienen conflictos fronterizos con Kirguistán que han provocado algunos estallidos de violencia (2021-2022),
República Democrática de Timor Oriental (Timor Oriental),República Democrática de Timor Oriental (Timor Oriental),República semipresidencialista,Dili,Asia,Miembro (2002),Reconocida,
República Democrática de Timor Oriental (Timor Oriental),República Democrática de Timor Oriental (Timor Oriental),-,-,-,-,-,
República Togolesa (Togo),República Togolesa (Togo),República presidencialista,Lomé,África,Miembro (1960),Reconocida,
República Togolesa (Togo),República Togolesa (Togo),-,-,-,-,-,
Reino de Tonga (Tonga),Reino de Tonga (Tonga),Monarquía constitucional,Nukualofa,Oceanía,Miembro (1999),Reconocida,
Reino de Tonga (Tonga),Reino de Tonga (Tonga),-,-,-,-,-,
República de Trinidad y Tobago (Trinidad y Tobago),República de Trinidad y Tobago (Trinidad y Tobago),República parlamentaria,Puerto España,América,Miembro (1962),Reconocida,
República de Trinidad y Tobago (Trinidad y Tobago),República de Trinidad y Tobago (Trinidad y Tobago),-,-,-,-,-,
República Tunecina (Túnez),República Tunecina (Túnez),República semipresidencialista,Ciudad de Túnez,África,Miembro (1956),Reconocida,
República Tunecina (Túnez),República Tunecina (Túnez),-,-,-,-,-,
República de Turkmenistán (Turkmenistán),República de Turkmenistán (Turkmenistán),República presidencialista,Asjabad,Asia,Miembro (1992),Reconocida,
República de Turkmenistán (Turkmenistán),República de Turkmenistán (Turkmenistán),-,-,-,-,-,
República de Turquía (Turquía),República de Turquía (Turquía),República presidencialista,Ankara,Asia-Europa,Miembro (1945),Reconocida,
República de Turquía (Turquía),República de Turquía (Turquía),"Turquía mantiene una disputa territorial con Chipre por Chipre del Norte, obtenido durante la invasión turca de 1974 (véase Problema de Chipre). Turquía mantiene disputas marítimas (ZEE) con Grecia, Chipre y Libia.","Turquía mantiene una disputa territorial con Chipre por Chipre del Norte, obtenido durante la invasión turca de 1974 (véase Problema de Chipre). Turquía mantiene disputas marítimas (ZEE) con Grecia, Chipre y Libia.","Turquía mantiene una disputa territorial con Chipre por Chipre del Norte, obtenido durante la invasión turca de 1974 (véase Problema de Chipre). Turquía mantiene disputas marítimas (ZEE) con Grecia, Chipre y Libia.","Turquía mantiene una disputa territorial con Chipre por Chipre del Norte, obtenido durante la invasión turca de 1974 (véase Problema de Chipre). Turquía mantiene disputas marítimas (ZEE) con Grecia, Chipre y Libia.","Turquía mantiene una disputa territorial con Chipre por Chipre del Norte, obtenido durante la invasión turca de 1974 (véase Problema de Chipre). Turquía mantiene disputas marítimas (ZEE) con Grecia, Chipre y Libia.",
Tuvalu,Tuvalu,Monarquía constitucional,Funafuti,Oceanía,Miembro (2000),Reconocida,
Tuvalu,Tuvalu,"Tuvalu es una monarquía en la Mancomunidad de Naciones, siendo su jefe de Estado el monarca británico.","Tuvalu es una monarquía en la Mancomunidad de Naciones, siendo su jefe de Estado el monarca británico.","Tuvalu es una monarquía en la Mancomunidad de Naciones, siendo su jefe de Estado el monarca británico.","Tuvalu es una monarquía en la Mancomunidad de Naciones, siendo su jefe de Estado el monarca británico.","Tuvalu es una monarquía en la Mancomunidad de Naciones, siendo su jefe de Estado el monarca británico.",
Ucrania,Ucrania,República semipresidencialista,Kiev,Europa,Miembro (1945)[3]​,Reconocida,
Ucrania,Ucrania,Ucrania no reconoce la anexiones rusas de las regiones de Crimea (2014) y el Dombás (2022). Desde 2022 mantiene una guerra con Rusia por esos territorios.,Ucrania no reconoce la anexiones rusas de las regiones de Crimea (2014) y el Dombás (2022). Desde 2022 mantiene una guerra con Rusia por esos territorios.,Ucrania no reconoce la anexiones rusas de las regiones de Crimea (2014) y el Dombás (2022). Desde 2022 mantiene una guerra con Rusia por esos territorios.,Ucrania no reconoce la anexiones rusas de las regiones de Crimea (2014) y el Dombás (2022). Desde 2022 mantiene una guerra con Rusia por esos territorios.,Ucrania no reconoce la anexiones rusas de las regiones de Crimea (2014) y el Dombás (2022). Desde 2022 mantiene una guerra con Rusia por esos territorios.,
República de Uganda (Uganda),República de Uganda (Uganda),República presidencialista,Kampala,África,Miembro (1962),Reconocida,
República de Uganda (Uganda),República de Uganda (Uganda),-,-,-,-,-,
República Oriental del Uruguay (Uruguay),República Oriental del Uruguay (Uruguay),República presidencialista,Montevideo,América,Miembro (1945),Reconocida,
República Oriental del Uruguay (Uruguay),República Oriental del Uruguay (Uruguay),Uruguay mantiene dos disputas territoriales con Brasil por la isla Brasilera y el Rincón de Artigas.,Uruguay mantiene dos disputas territoriales con Brasil por la isla Brasilera y el Rincón de Artigas.,Uruguay mantiene dos disputas territoriales con Brasil por la isla Brasilera y el Rincón de Artigas.,Uruguay mantiene dos disputas territoriales con Brasil por la isla Brasilera y el Rincón de Artigas.,Uruguay mantiene dos disputas territoriales con Brasil por la isla Brasilera y el Rincón de Artigas.,
República de Uzbekistán (Uzbekistán),República de Uzbekistán (Uzbekistán),República presidencialista,Taskent,Asia,Miembro (1992),Reconocida,
República de Uzbekistán (Uzbekistán),República de Uzbekistán (Uzbekistán),-,-,-,-,-,
República de Vanuatu (Vanuatu),República de Vanuatu (Vanuatu),República parlamentaria,Port Vila,Oceanía,Miembro (1981),Reconocida,
República de Vanuatu (Vanuatu),República de Vanuatu (Vanuatu),"Vanuatu reclama desde 1980 la soberanía de las islas Matthew y Hunter, en posesión de Francia a través de Nueva Caledonia.","Vanuatu reclama desde 1980 la soberanía de las islas Matthew y Hunter, en posesión de Francia a través de Nueva Caledonia.","Vanuatu reclama desde 1980 la soberanía de las islas Matthew y Hunter, en posesión de Francia a través de Nueva Caledonia.","Vanuatu reclama desde 1980 la soberanía de las islas Matthew y Hunter, en posesión de Francia a través de Nueva Caledonia.","Vanuatu reclama desde 1980 la soberanía de las islas Matthew y Hunter, en posesión de Francia a través de Nueva Caledonia.",
Estado de la Ciudad del Vaticano (Ciudad del Vaticano),Estado de la Ciudad del Vaticano (Ciudad del Vaticano),Monarquía absoluta,Ciudad del Vaticano,Europa,Estado observador como Santa Sede (1964).[36]​,Reconocida,
Estado de la Ciudad del Vaticano (Ciudad del Vaticano),Estado de la Ciudad del Vaticano (Ciudad del Vaticano),La Ciudad del Vaticano no reconoce a la República Popular China y a Corea del Norte. Sí reconoce a Palestina y a la República de China.,La Ciudad del Vaticano no reconoce a la República Popular China y a Corea del Norte. Sí reconoce a Palestina y a la República de China.,La Ciudad del Vaticano no reconoce a la República Popular China y a Corea del Norte. Sí reconoce a Palestina y a la República de China.,La Ciudad del Vaticano no reconoce a la República Popular China y a Corea del Norte. Sí reconoce a Palestina y a la República de China.,La Ciudad del Vaticano no reconoce a la República Popular China y a Corea del Norte. Sí reconoce a Palestina y a la República de China.,
República Bolivariana de Venezuela (Venezuela),República Bolivariana de Venezuela (Venezuela),República presidencialista,Caracas,América,Miembro (1945),Reconocida,
República Bolivariana de Venezuela (Venezuela),República Bolivariana de Venezuela (Venezuela),"Venezuela es una federación de 23 estados, un distrito capital y dependencias federales. Venezuela reclama la Guayana Esequiba, que constituyen 159 542 km² de los 214 969 km² de Guyana. Venezuela mantiene con Colombia un diferendo fronterizo en el Golfo de Venezuela.","Venezuela es una federación de 23 estados, un distrito capital y dependencias federales. Venezuela reclama la Guayana Esequiba, que constituyen 159 542 km² de los 214 969 km² de Guyana. Venezuela mantiene con Colombia un diferendo fronterizo en el Golfo de Venezuela.","Venezuela es una federación de 23 estados, un distrito capital y dependencias federales. Venezuela reclama la Guayana Esequiba, que constituyen 159 542 km² de los 214 969 km² de Guyana. Venezuela mantiene con Colombia un diferendo fronterizo en el Golfo de Venezuela.","Venezuela es una federación de 23 estados, un distrito capital y dependencias federales. Venezuela reclama la Guayana Esequiba, que constituyen 159 542 km² de los 214 969 km² de Guyana. Venezuela mantiene con Colombia un diferendo fronterizo en el Golfo de Venezuela.","Venezuela es una federación de 23 estados, un distrito capital y dependencias federales. Venezuela reclama la Guayana Esequiba, que constituyen 159 542 km² de los 214 969 km² de Guyana. Venezuela mantiene con Colombia un diferendo fronterizo en el Golfo de Venezuela.",
República Socialista de Vietnam (Vietnam),República Socialista de Vietnam (Vietnam),Estado socialista unipartidista,Hanói,Asia,Miembro (1977),Reconocida,
República Socialista de Vietnam (Vietnam),República Socialista de Vietnam (Vietnam),"Vietnam reclama la soberanía total de las islas Spratly (controla algunas) frente a las reclamaciones de la República Popular China, Filipinas y Malasia. También la totalidad de las islas Paracel, administradas por la República Popular China.","Vietnam reclama la soberanía total de las islas Spratly (controla algunas) frente a las reclamaciones de la República Popular China, Filipinas y Malasia. También la totalidad de las islas Paracel, administradas por la República Popular China.","Vietnam reclama la soberanía total de las islas Spratly (controla algunas) frente a las reclamaciones de la República Popular China, Filipinas y Malasia. También la totalidad de las islas Paracel, administradas por la República Popular China.","Vietnam reclama la soberanía total de las islas Spratly (controla algunas) frente a las reclamaciones de la República Popular China, Filipinas y Malasia. También la totalidad de las islas Paracel, administradas por la República Popular China.","Vietnam reclama la soberanía total de las islas Spratly (controla algunas) frente a las reclamaciones de la República Popular China, Filipinas y Malasia. También la totalidad de las islas Paracel, administradas por la República Popular China.",
República de Yemen (Yemen),República de Yemen (Yemen),República presidencialista (Gobierno provisional),Saná,Asia,Miembro (1947)[37]​,Reconocida,
República de Yemen (Yemen),República de Yemen (Yemen),-,-,-,-,-,
República de Yibuti (Yibuti),República de Yibuti (Yibuti),República presidencial,Ciudad de Yibuti,África,Miembro (1977),Reconocida,
República de Yibuti (Yibuti),República de Yibuti (Yibuti),Yibuti mantiene un conflicto fronterizo con Eritrea por la isla Doumeira.,Yibuti mantiene un conflicto fronterizo con Eritrea por la isla Doumeira.,Yibuti mantiene un conflicto fronterizo con Eritrea por la isla Doumeira.,Yibuti mantiene un conflicto fronterizo con Eritrea por la isla Doumeira.,Yibuti mantiene un conflicto fronterizo con Eritrea por la isla Doumeira.,
República de Zambia (Zambia),República de Zambia (Zambia),República presidencial,Lusaka,África,Miembro (1964),Reconocida,
República de Zambia (Zambia),República de Zambia (Zambia),-,-,-,-,-,
República de Zimbabue (Zimbabue),República de Zimbabue (Zimbabue),República presidencial,Harare -,África,Miembro (1980),Reconocida,
República de Zimbabue (Zimbabue),República de Zimbabue (Zimbabue),-,-,-,-,-,
